Wavelength;Intensity
174.456;0.032306714954935416
174.799;0.05400313387033464
175.142;0.06535239585383258
175.485;0.06881005978842449
175.828;0.06683168455710556
176.17;0.060018992846646683
176.513;0.05237021663388381
176.856;0.0635778097884897
177.199;0.0660449414064947
177.542;0.05708352941262066
177.884;0.04968658920492203
178.227;0.05681120203450328
178.57;0.05703883446125023
178.913;0.05082326645655156
179.255;0.0343678029652907
179.598;0.05554593399255218
179.941;0.06959960067844302
180.284;0.06815896805985235
180.626;0.06586452823069723
180.969;0.06604508989470526
181.312;0.07778961641859836
181.654;0.07026185809741999
181.997;0.06152837550671391
182.34;0.04847299506023592
182.682;0.07183479371159551
183.025;0.069327124812115
183.368;0.061638999223561
183.71;0.05892344682933446
184.053;0.06218751467326965
184.395;0.05625466822142585
184.738;0.04995030426682838
185.081;0.051738102321645066
185.423;0.05322729058507987
185.766;0.045982550793177715
186.108;0.04417723112951807
186.451;0.04878155356172362
186.793;0.055546230968973064
187.136;0.054364264813130975
187.478;0.048445524741287604
187.821;0.05410203463332981
188.163;0.061233774897016764
188.506;0.06186054363367634
188.848;0.05245559735494026
189.191;0.060468318171719354
189.533;0.06980555382645218
189.876;0.06871475943187713
190.218;0.0556131991519235
190.561;0.0536611731362574
190.903;0.06085453600731542
191.245;0.06001839889380445
191.588;0.057252954460838765
191.93;0.058555938508265314
192.272;0.05899739395817974
192.615;0.05056831219906659
192.957;0.037784071225021906
193.3;0.03538286837249341
193.642;0.0387217742745373
193.984;0.04012068170596843
194.327;0.02960459814781476
194.669;0.04391856466676986
195.011;0.06272370560150445
195.353;0.06886799926514728
195.696;0.06558655830057954
196.038;0.07227996136677316
196.38;0.07946797866225219
196.722;0.07077443940017963
197.065;0.05568551291045287
197.407;0.0429894739334646
197.749;0.05131298057488917
198.091;0.04447925614974213
198.434;0.04190922220183779
198.776;0.046664111679523834
199.118;0.05884608447164692
199.46;0.05937871168282865
199.802;0.058096961449508246
200.144;0.06689459094716424
200.487;0.06959336417360056
200.829;0.06447913322642483
201.171;0.05121379045025323
201.513;0.05641696583553831
201.855;0.06108365331616775
202.197;0.057958273460870346
202.539;0.04753751933387863
202.881;0.055129424562007076
203.223;0.0635818189701741
203.565;0.05316938018297227
203.907;0.04640470277572272
204.249;0.050230056055472455
204.591;0.0552373754910646
204.933;0.052798605121271526
205.275;0.04635391980772043
205.617;0.04672974346857927
205.959;0.05783190999370688
206.301;0.05271366986484672
206.643;0.04204093124458051
206.985;0.053808473441105995
207.327;0.06019346649402285
207.669;0.05578396059403645
208.011;0.05206076720313329
208.353;0.0579768344871869
208.695;0.06034848818581912
209.037;0.05321986617455341
209.379;0.042264109025011376
209.721;0.040721613493995085
210.062;0.049635063795867025
210.404;0.03945530603457028
210.746;0.033977130483378276
211.088;0.04800718754379427
211.43;0.0576682759856996
211.772;0.05451720766997997
212.113;0.05209670135008233
212.455;0.05748934769200734
212.797;0.06632499017155978
213.139;0.057319922643789316
213.48;0.049122779469528324
213.822;0.05509660866747931
214.164;0.06771587923962195
214.506;0.05521064761316869
214.847;0.04761235739198716
215.189;0.05140534024184082
215.531;0.05701180960693343
215.872;0.06049088837972037
216.214;0.048105783715588143
216.556;0.05705873188146172
216.898;0.06386840121650283
217.239;0.06455976232474421
217.581;0.05280424767327165
217.922;0.056782246833449256
218.264;0.0572195446134688
218.606;0.0488730222994119
218.947;0.04382635348802866
219.289;0.04429409135120724
219.63;0.050208525264945146
219.972;0.043459439119801616
220.314;0.036842952946664106
220.655;0.04167565024666925
220.997;0.04322750053494926
221.338;0.03578957758114338
221.68;0.029449130991386442
222.021;0.036492372281595756
222.363;0.048745025461932545
222.704;0.04404284929898579
223.046;0.03874954156990723
223.387;0.04592909503738564
223.729;0.05323679383055431
224.07;0.044748465275438264
224.412;0.03990893751774847
224.753;0.048478489124025914
225.094;0.0598283339843223
225.436;0.051686725400801006
225.777;0.05013398418325774
226.119;0.05732764403073694
226.46;0.06539604792646586
226.801;0.05937113878409147
227.143;0.05849490985373645
227.484;0.06423293977336106
227.825;0.07098158045387312
228.167;0.06668240129431269
228.508;0.0517297869818552
228.849;0.06191993891788934
229.191;0.06245984205138708
229.532;0.051438453112789585
229.873;0.04602204865717916
230.215;0.047466690457454296
230.556;0.051883769256177846
230.897;0.0398964645080636
231.238;0.03448154493455854
231.58;0.0372254585769968
231.921;0.04271491923218952
232.262;0.03589247991104281
232.603;0.03155499079316485
232.944;0.0465211175327806
233.286;0.05182318606628061
233.627;0.0537051256465753
233.968;0.051006649396559835
234.309;0.059807842611268716
234.65;0.06046371503719279
234.991;0.04861673164803207
235.332;0.03803932245892799
235.673;0.04276926591724454
236.015;0.05693028957935071
236.356;0.04838731736275861
236.697;0.04329996278168934
237.038;0.05362419957183464
237.379;0.052473267451993884
237.72;0.04612376308139441
238.061;0.036965455720353826
238.402;0.0479642744509502
238.743;0.05671943632039398
239.084;0.05774281706738724
239.425;0.052195297521876134
239.766;0.057048040730303354
240.107;0.06519647977150943
240.448;0.05332885652108453
240.789;0.04411145085225191
241.13;0.04772877214904486
241.471;0.05397136500806076
241.812;0.04637901431530059
242.153;0.04170445695951281
242.494;0.04898824915078557
242.834;0.06103955231763961
243.175;0.060040672125384574
243.516;0.05653308361617517
243.857;0.05937292064261771
244.198;0.06974526761297584
244.539;0.060454805744560816
244.88;0.05400952647816766
245.22;0.0583397396737294
245.561;0.06067664713109697
245.902;0.06072936044583616
246.243;0.04695603950143154
246.584;0.051866396135545535
246.924;0.0547910199302025
247.265;0.049759199939872545
247.606;0.039723772719213804
247.947;0.045746900003061704
248.287;0.05382644051458052
248.628;0.04584950535654017
248.969;0.045462842056312396
249.31;0.051121727759722804
249.65;0.05958228901946932
249.991;0.057210338344416044
250.332;0.05664801349112762
250.672;0.060238458421814176
251.013;0.06667972850652298
251.354;0.055616317404344674
251.694;0.0394605031219388
252.035;0.04308703068778507
252.375;0.054025711693115715
252.716;0.0462738846622431
253.057;0.0416046728820346
253.397;0.05042026945316521
253.738;0.05342849211035226
254.078;0.04390965537413777
254.419;0.03933310023730156
254.759;0.042847222227774207
255.1;0.04713808604754499
255.44;0.04799085384063593
255.781;0.047073345187752705
256.121;0.05549188428391808
256.462;0.06065971947509641
256.802;0.053717895632681145
257.143;0.05526469732180268
257.483;0.06778611416320414
257.824;0.07566385919660851
258.164;0.06400664374050882
258.505;0.05145508379236937
258.845;0.059367426578827966
259.185;0.060818750348577005
259.526;0.05044981860706112
259.866;0.03991220425837997
260.207;0.04892529014951947
260.547;0.05109262407045845
260.887;0.04793932843158088
261.228;0.04171410869319736
261.568;0.04184804505909804
261.908;0.05196989241828718
262.249;0.03013930419394438
262.589;0.054520771387033026
262.929;0.07891649344833292
263.269;0.10113196311437775
263.61;0.10182273026977705
263.95;0.10003879290843418
264.29;0.10355633012774908
264.63;0.0910880720657184
264.971;0.06559784340457969
265.311;0.03111576266640766
265.651;0.05623833451826714
265.991;0.05410025277480354
266.331;0.05791892408507933
266.672;0.06166676651893074
267.012;0.07380760807673614
267.352;0.0832318578228413
267.692;0.07337773470724329
268.032;0.0642644192739941
268.372;0.06456585034137576
268.713;0.05488931912557539
269.053;0.04076601146894439
269.393;0.046093471486445624
269.733;0.05691633168756058
270.073;0.06219597850127007
270.413;0.05353436420446224
270.753;0.04396400205919258
271.093;0.04533157847820106
271.433;0.048214922550329914
271.773;0.03338035636524613
272.113;0.03348637694756686
272.453;0.04555327137652687
272.793;0.05489228888978622
273.133;0.058216791435408276
273.473;0.04924067910869159
273.813;0.059816900392111204
274.153;0.05949126574641255
274.493;0.053519366895198504
274.833;0.05091889286413482
275.173;0.0505712819632772
275.513;0.058623946108689554
275.852;0.051397024902051086
276.192;0.053468732415406776
276.532;0.058575538952055674
276.872;0.0656991123641635
277.212;0.0555199485557087
277.552;0.04930423206279949
277.892;0.05226182024019476
278.231;0.04800718754379411
278.571;0.03735375239089735
278.911;0.022106092004111105
279.251;0.034313604768445825
279.591;0.047053893232172794
279.93;0.04297447662420109
280.27;0.039932547143223196
280.61;0.04703963836396162
280.95;0.04858168843034644
281.289;0.04450152938132211
281.629;0.03722085544247053
281.969;0.04750544588040338
282.308;0.06159059206692744
282.648;0.0622151334804291
282.988;0.0593678720434597
283.328;0.06342531239627239
283.667;0.0682801344396471
284.007;0.05428111141523231
284.346;0.045717796313797215
284.686;0.04821447708569811
285.026;0.053841883288475875
285.365;0.04241333967659696
285.705;0.029193582781059258
286.044;0.033582300331571134
286.384;0.04350220372443532
286.724;0.04769328346672776
287.063;0.04538161900515077
287.403;0.05771905895370171
287.742;0.06422165466936074
288.082;0.056818774933240696
288.421;0.05130837744036278
288.761;0.04592864957275396
289.1;0.05247326745199365
289.44;0.04747649067934955
289.779;0.0462284472698201
290.119;0.049959659024091906
290.458;0.051869068923335246
290.797;0.04063059022093849
291.137;0.034376415281501205
291.476;0.0429643794258848
291.816;0.04382783837013391
292.155;0.042989028468833394
292.494;0.03534025225607069
292.834;0.04531955093314799
293.173;0.05238862917199005
293.512;0.04194159263173404
293.852;0.045222291155248874
294.191;0.05323679383055418
294.53;0.060603293955093736
294.87;0.04971391103566005
295.209;0.04646008887825145
295.548;0.045930431431280325
295.888;0.048481310400025936
296.227;0.033848985157688374
296.566;0.028905218676204273
296.905;0.046238099003504785
297.245;0.05265412609242297
297.584;0.05197419857639265
297.923;0.046769983773633804
298.262;0.05330569236024169
298.601;0.06079291339994444
298.941;0.05595294017762297
299.28;0.04393950150445479
299.619;0.0649850325597105
299.958;0.07593796843325239
300.297;0.06574558917406034
300.636;0.059606492597786095
300.975;0.05915850366660813
301.315;0.060470842471298226
301.654;0.05490713771083938
301.993;0.04854827858297633
302.332;0.05195177685660196
302.671;0.06626559488734682
303.01;0.06184911004146524
303.349;0.05436174051355169
303.688;0.05787838680360349
304.027;0.05866552280763868
304.366;0.05042353619379696
304.705;0.03791028620397482
305.044;0.04125943779254548
305.383;0.04594320141738629
305.722;0.039901810083642915
306.061;0.036872650588770976
306.4;0.05736298422484387
306.739;0.07110200439261535
307.078;0.06945215188538378
307.417;0.062290862467800724
307.755;0.0625138917600212
308.094;0.06447928171463534
308.433;0.05595279168941239
308.772;0.04575150313758815
309.111;0.049244688290375684
309.45;0.0652316714774058
309.789;0.05995157919906474
310.127;0.050428139328323573
310.466;0.05667815659786566
310.805;0.05842185365415405
311.144;0.04645726760225145
311.483;0.042037664503948746
311.821;0.05136717877173378
312.16;0.058088052156876055
312.499;0.048707457944667715
312.838;0.04139010741781446
313.176;0.044868740725969775
313.515;0.0512206209079379
313.854;0.04150028567003001
314.192;0.0304138588952189
314.531;0.041242064671913076
314.87;0.048993297749943605
315.208;0.041020965726429715
315.547;0.03180890563317606
315.886;0.040114742177547034
316.224;0.04582901398348649
316.563;0.040670088084940215
316.902;0.03449015725076946
317.24;0.03649890576285926
317.579;0.04288790799746057
317.917;0.04223990544669467
318.256;0.03535331921859755
318.594;0.042807130410930504
318.933;0.05161946024142954
319.272;0.054762807170201544
319.61;0.058113592129087954
319.949;0.0636685360851254
320.287;0.0691734395142133
320.626;0.06385889797102859
320.964;0.058047811851821715
321.303;0.05018343075736515
321.641;0.050072213087676
321.979;0.047599884382302275
322.318;0.040533478931250005
322.656;0.05274752517684808
322.995;0.060479306299298714
323.333;0.055740305060139814
323.671;0.04811617789032553
324.01;0.05040527214390131
324.348;0.0494381684287002
324.687;0.047357700110923114
325.025;0.04388604574866282
325.363;0.03931661804593226
325.702;0.04638079617382693
326.04;0.037520059186694335
326.378;0.02904390666484194
326.717;0.03436646657139543
327.055;0.03879527593875127
327.393;0.033019530013651266
327.731;0.02825781007828083
328.07;0.040864904617159525
328.408;0.049305122992062786
328.746;0.04632615251235081
329.084;0.041756279344988774
329.422;0.04562454571758263
329.761;0.04878675064909231
330.099;0.03969674786489678
330.437;0.02554403954258053
330.775;0.034018558694116824
331.113;0.05074590409886417
331.451;0.05230503030946011
331.79;0.052741882624847934
332.128;0.059712513180106556
332.466;0.06112196327448533
332.804;0.052779004677481194
333.142;0.043592484556439215
333.48;0.038334962486099036
333.818;0.05145686565089577
334.156;0.05046451893990404
334.494;0.04883070315941001
334.832;0.05487120356389033
335.17;0.05734219587536917
335.508;0.048914747486571646
335.846;0.03857254362295178
336.184;0.040897275047055544
336.522;0.04201583673700025
336.86;0.0394368934964642
337.198;0.03504936385163667
337.536;0.04017116769754961
337.874;0.046877934702691304
338.212;0.04558757215315999
338.55;0.04251683595933871
338.888;0.05358306833751702
339.226;0.06061903370541032
339.564;0.055745205171087386
339.901;0.04993189172872236
340.239;0.04794690133031801
340.577;0.05763174788590844
340.915;0.05039339308705904
341.253;0.05811299817624571
341.591;0.06741281480192407
341.928;0.07803180068997743
342.266;0.06710395932401561
342.604;0.05491990769694504
342.942;0.04662624718583778
343.279;0.04153310156455751
343.617;0.03536267397586097
343.955;0.023060722709627175
344.293;0.03722620101804958
344.63;0.04150355241066173
344.968;0.03757544528922312
345.306;0.02809313665279959
345.643;0.029782041559401312
345.981;0.0352584352520669
346.319;0.03629295261485008
346.656;0.03003803523436017
346.994;0.03595484495946649
347.332;0.03934483080593384
347.669;0.03753030487322122
348.007;0.03510489844237606
348.344;0.04136976453297154
348.682;0.05368003113899506
349.02;0.05438193491018441
349.357;0.04630610660392899
349.695;0.05314992822739234
350.032;0.0574848930456912
350.37;0.04631026427382359
350.707;0.03526392931585658
351.045;0.03314336918123549
351.382;0.03441917988613472
351.72;0.030558189435857072
352.057;0.023179958742685317
352.395;0.026385819208091625
352.732;0.039254549973929784
353.07;0.03784450592670892
353.407;0.033319327710717286
353.744;0.03824676048904247
354.082;0.039959423509329614
354.419;0.033029181747335934
354.757;0.031395068990420875
355.094;0.03770076933891306
355.431;0.050470606956536004
355.769;0.05300455826928076
356.106;0.05198800797997216
356.443;0.05807023357161218
356.781;0.0608882428311066
357.118;0.0516080266492183
357.455;0.04531257198725276
357.793;0.04462551703711682
358.13;0.04833267370128239
358.467;0.04713244349554469
358.804;0.03645911092243648
359.142;0.040913757238424824
359.479;0.04724321570060226
359.816;0.03963824350994684
360.153;0.041726433214671656
360.49;0.048696024352456596
360.828;0.047995011510530615
361.165;0.04512963451187641
361.502;0.04091702397905653
361.839;0.03811163621745744
362.176;0.0443019612263657
362.513;0.04302288378083489
362.85;0.03643550129696171
363.187;0.04642163043172357
363.525;0.05385405932173969
363.862;0.0491214430756335
364.199;0.045061032958610074
364.536;0.051808040268806095
364.873;0.048507741301500804
365.21;0.03773447616270393
365.547;0.029532878342127228
365.884;0.03653706723296627
366.221;0.054710687808304244
366.558;0.05830172669183313
366.895;0.057905114681499587
367.232;0.06101178502226987
367.569;0.06310799309036359
367.906;0.04636431398245789
368.243;0.03855932817221436
368.58;0.04348260328064461
368.916;0.053881084176056616
369.253;0.05780711246254786
369.59;0.04906709639057852
369.927;0.050230650008314705
370.264;0.04547308774283927
370.601;0.04729370169218359
370.938;0.04874413453266921
371.275;0.06287560904087942
371.611;0.07313480799481138
371.948;0.06367313921965201
372.285;0.056660931965444035
372.622;0.05348209635435448
372.958;0.04908298462910533
373.295;0.03700198382014463
373.632;0.03797250276418829
373.969;0.045229715565775645
374.305;0.057374417817054796
374.642;0.05487521274557475
374.979;0.04604595525907499
375.316;0.04773872085915066
375.652;0.05259205802042007
375.989;0.041061503007905086
376.326;0.03136462890726138
376.662;0.02781680009299759
376.999;0.03485217150804871
377.336;0.03568236909313863
377.672;0.027195376931917457
378.009;0.03462795431014406
378.345;0.037642858936805135
378.682;0.03871004370590553
379.019;0.03598706690115221
379.355;0.04371558128297108
379.692;0.05167618273785295
380.028;0.051648712418904445
380.365;0.04290483565346123
380.701;0.04900770110636521
381.038;0.05648378553027814
381.374;0.04528064702198827
381.711;0.03883997089012168
382.047;0.04183037496204473
382.384;0.04636832316414219
382.72;0.04705211137364639
383.056;0.041643576793194234
383.393;0.04448712602490013
383.729;0.051458053556580126
384.066;0.04640054510582793
384.402;0.04102155967927173
384.738;0.044014042586142194
385.075;0.05055925441822398
385.411;0.043909506885927145
385.748;0.04374186369623544
386.084;0.045800652735274686
386.42;0.05103887133824546
386.757;0.044127636067199896
387.093;0.0386234750791646
387.429;0.04320418788589553
387.765;0.04523580358240737
388.102;0.039044587644236246
388.438;0.033408717613458046
388.774;0.04383763859202912
389.11;0.050849697358026566
389.447;0.050760158967075315
389.783;0.052150454082295114
390.119;0.052379125926515835
390.455;0.05405451840595908
390.791;0.04370088095012823
391.128;0.02885963279557071
391.464;0.04025046040197415
391.8;0.04704424149848818
392.136;0.047124573620386474
392.472;0.04397885088024605
392.808;0.055769111772983264
393.144;0.05798455587413484
393.48;0.06013555609191508
393.816;0.056895840314507014
394.152;0.055769260261193415
394.489;0.06273499070550474
394.825;0.05222291632903526
395.161;0.04625666002982135
395.497;0.044373978008473945
395.833;0.04342365346106323
396.169;0.040870844145580766
396.505;0.041437178180553556
396.841;0.04795402876442362
397.176;0.05320175061286853
397.512;0.052434809005465814
397.848;0.0475881538136704
398.184;0.057967776706344495
398.52;0.06370224290891645
398.856;0.060087000447070646
399.192;0.05774281706738699
399.528;0.05576198433887731
399.864;0.053070041570125515
400.2;0.039632600957946525
400.535;0.03265023983405567
400.871;0.03231628984856694
401.207;0.03614639475105393
401.543;0.032191708239929964
401.879;0.029879746801932065
402.214;0.035774134807247934
402.55;0.031764210681806036
402.886;0.03898905305349704
403.222;0.04617469453760723
403.557;0.06192127531178424
403.893;0.07004758960962099
404.229;0.0663042018220854
404.565;0.06378123863691999
404.9;0.06412647372640891
405.236;0.059409300254198195
405.572;0.04171292078751287
405.907;0.04047601399377384
406.243;0.05356005266488444
406.579;0.05859914857753048
406.914;0.04704661730985667
407.25;0.04149523707087194
407.585;0.053489075300249704
407.921;0.06078058887847014
408.257;0.0565549113831234
408.592;0.04755429850166876
408.928;0.04701855303806575
409.263;0.05443613310702889
409.599;0.04778237639304743
409.934;0.03406622340969783
410.27;0.03523675597332914
410.605;0.04783895040126056
410.941;0.05014868451610048
411.276;0.047111655146070124
411.612;0.04444064921500352
411.947;0.051455677745211696
412.283;0.0543158576564972
412.618;0.05513670048432327
412.953;0.05428942675502227
413.289;0.061583316144611155
413.624;0.0594517678824109
413.96;0.059098514429552926
414.295;0.05839453182341599
414.63;0.05114934656688189
414.966;0.04958116257544348
415.301;0.04710853689364899
415.636;0.05108267536035266
415.972;0.050163533337153676
416.307;0.04832242801475578
416.642;0.040112217877967954
416.977;0.04702508651932945
417.313;0.054479788640925536
417.648;0.04271788899640029
417.983;0.043727608828024435
418.318;0.056203439788792005
418.654;0.07087674777723688
418.989;0.06744399732613618
419.324;0.06174650468798695
419.659;0.06382816091144825
419.994;0.060571517478039745
420.33;0.0515171518643723
420.665;0.0417277696085665
421.0;0.05766812749748894
421.335;0.07596380538188516
421.67;0.07744928144005676
422.005;0.06934301305064206
422.34;0.07116466641746017
422.675;0.06974526761297577
423.01;0.05394805235900695
423.345;0.04420291958994006
423.681;0.04988274213103592
424.016;0.06461990005001007
424.351;0.06020311822770774
424.686;0.06341387880406156
425.021;0.07210088458487046
425.356;0.07945238740014632
425.691;0.07334373090703143
426.025;0.07136601643094302
426.36;0.07929855361403412
426.695;0.08460537377027126
427.03;0.08653319620762052
427.365;0.08087193469284124
427.7;0.0957657476739276
428.035;0.10327954810331591
428.37;0.09660544850449151
428.705;0.09588231091919595
429.04;0.10624515464407987
429.374;0.1121174179060265
429.709;0.11340466220313655
430.044;0.11536218228259247
430.379;0.1271698162959618
430.714;0.13497925675252123
431.048;0.12981958841292238
431.383;0.1252225419030328
431.718;0.13303272480064493
432.053;0.14378624100744097
432.387;0.1431778848088875
432.722;0.14597748153027584
433.057;0.15943585898014007
433.392;0.17924745300586714
433.726;0.177283696421569
434.061;0.18089938434804628
434.396;0.19826656545197974
434.73;0.21251668204040572
435.065;0.21901007148701168
435.4;0.21876848116847455
435.734;0.23163691495789135
436.069;0.2464894482164496
436.403;0.25248347181103326
436.738;0.25578169194339084
437.073;0.27324316306101293
437.407;0.2933538123427533
437.742;0.29012419376366194
438.076;0.29535899713779046
438.411;0.3147579424264462
438.745;0.33404002749341294
439.08;0.34286898800349147
439.414;0.35925198924801266
439.749;0.3787621522063579
440.083;0.39807452886827305
440.418;0.406835333289717
440.752;0.4085793273224262
441.086;0.4246435243789335
441.421;0.4466770959870756
441.755;0.4546547735861687
442.09;0.46527984749085394
442.424;0.4945142063805807
442.758;0.5119150943083052
443.093;0.5259221356960889
443.427;0.5384861686539131
443.761;0.5586045393226012
444.096;0.5724455708910089
444.43;0.586579272722377
444.764;0.5946928170341076
445.099;0.6057961714649189
445.433;0.6108957020792524
445.767;0.5969914145331578
446.101;0.5894933538540862
446.436;0.6060591440857737
446.77;0.6400532925641341
447.104;0.6707288780252939
447.438;0.7082623914899179
447.773;0.7524628771192606
448.107;0.7890721999615273
448.441;0.8022863143050647
448.775;0.8128690690697475
449.109;0.8205133906361942
449.443;0.8423764977786445
449.777;0.8578388721178615
450.112;0.8636754982092799
450.446;0.8744156504771279
450.78;0.8847698818858007
451.114;0.8848790207205425
451.448;0.8834570976164791
451.782;0.8966988307671756
452.116;0.90020508288249
452.45;0.8999777474321643
452.784;0.907996556265575
453.118;0.9113004189499329
453.452;0.9070756323838495
453.786;0.9012314333936937
454.12;0.8935011371533482
454.454;0.893888097429997
454.788;0.8945904466658178
455.122;0.8746706047346123
455.456;0.8572994144489939
455.79;0.8566980371963356
456.123;0.8383793436393069
456.457;0.8113414223597833
456.791;0.7984486365038391
457.125;0.7919481196231277
457.459;0.7847473323415429
457.793;0.7622412712474852
458.127;0.7477252122739946
458.46;0.7425079305087089
458.794;0.730466724540171
459.128;0.7057775897748578
459.462;0.6880540369656448
459.795;0.6784761019216382
460.129;0.6620069775150078
460.463;0.63408183917755
460.797;0.6054864250577463
461.13;0.5959800613312166
461.464;0.5788792680769789
461.798;0.547115561009034
462.131;0.5229992937599567
462.465;0.5132137721976251
462.799;0.5034475541026626
463.132;0.48414883835611644
463.466;0.46460199880976955
463.8;0.45369212451728225
464.133;0.4400438306461465
464.467;0.4165235950741487
464.8;0.3963574112016689
465.134;0.3933361215819549
465.468;0.38599263713004817
465.801;0.3779935772286383
466.135;0.3655962965312426
466.468;0.3620339158723466
466.802;0.36109457945251516
467.135;0.34493297412989854
467.469;0.3308960866117978
467.802;0.33252871448660765
468.136;0.33073854062042246
468.469;0.3149633016216126
468.802;0.2992786404312279
469.136;0.2977618333606337
469.469;0.2996219451739799
469.803;0.29540799824726555
470.136;0.28422015402466044
470.469;0.27932182493559965
470.803;0.27745978277551653
471.136;0.2674371255409635
471.469;0.25199746989795807
471.803;0.25027753095535477
472.136;0.2521744678449134
472.469;0.24480826469679504
472.803;0.23565797569912322
473.136;0.23484574518750795
473.469;0.23943180356981797
473.803;0.23621881567030606
474.136;0.22798455044341204
474.469;0.22870724256407582
474.802;0.23457208141549565
475.135;0.22280038154907497
475.469;0.20760038587786983
475.802;0.20289613087997538
476.135;0.20294691384797767
476.468;0.19432494590338223
476.801;0.18315388084856732
477.134;0.1789439431035371
477.468;0.17953492618145836
477.801;0.17251544300493446
478.134;0.16667911388993686
478.467;0.16570814948126175
478.8;0.16834010301295832
479.133;0.15975733595594346
479.466;0.1473801011669695
479.799;0.14745597864255183
480.132;0.1437093241143845
480.465;0.13073605764833143
480.798;0.12236384687385225
481.131;0.1295122178171189
481.464;0.1361647866254161
481.797;0.1306469647220118
482.13;0.12485191532954242
482.463;0.130513028356111
482.796;0.13307444998780443
483.129;0.12483246337396263
483.462;0.11788752127912613
483.794;0.12541171588325162
484.127;0.13228954130692736
484.46;0.1315328453860515
484.793;0.126417575021402
485.126;0.1402936498074953
485.459;0.14896046119167192
485.792;0.14158817002692164
486.124;0.13648195744311456
486.457;0.141806744672826
486.79;0.14612864252859806
487.123;0.13929551205629281
487.455;0.13378645095730993
487.788;0.13750726853684447
488.121;0.1481945590017431
488.454;0.14414394910661477
488.786;0.13680818604165557
489.119;0.14901673822346398
489.452;0.1576029205093213
489.784;0.15879453839884822
490.117;0.1603373309062856
490.45;0.17007889995829967
490.782;0.1862344172642844
491.115;0.1890429232783046
491.448;0.1925361084310922
491.78;0.20033931238280908
492.113;0.21628857956436362
492.445;0.2106858224045345
492.778;0.2160924266382496
493.11;0.22403268520828842
493.443;0.23553265164943368
493.775;0.23918145244686004
494.108;0.24233341169184294
494.44;0.2576155213434728
494.773;0.27546603157269123
495.105;0.2828773751368118
495.438;0.28536039499334376
495.77;0.3096762303973773
496.103;0.32728203205563733
496.435;0.3358683628297051
496.768;0.343419433799937
497.1;0.3612071335160999
497.432;0.37675815531700513
497.765;0.3849215916674751
498.097;0.3869690956025139
498.429;0.40619178538526707
498.762;0.42752063194622003
499.094;0.44040688432090097
499.426;0.4571383873955429
499.759;0.48577656611997994
500.091;0.5093529302355594
500.423;0.5217969847192732
500.756;0.5374786761454472
501.088;0.5585497471729145
501.42;0.5796854105719641
501.752;0.591337725917116
502.085;0.606999371434868
502.417;0.6253992880430584
502.749;0.6500557554020544
503.081;0.6608233779888513
503.413;0.6722701856506256
503.745;0.6925071983995295
504.078;0.7116459923433317
504.41;0.7214315139056635
504.742;0.7379142992276629
505.074;0.7597958189082192
505.406;0.7729235131132265
505.738;0.7855849543371606
506.07;0.79480978441652
506.402;0.8180395770487153
506.734;0.838424187078889
507.066;0.8492592233132678
507.398;0.859664534666364
507.73;0.8791078779299691
508.062;0.8938687939626285
508.394;0.8977799734280664
508.726;0.8995134247978278
509.058;0.9185395161898354
509.39;0.9307223799112221
509.722;0.9369464117439209
510.054;0.9353203173503745
510.386;0.9475986589911336
510.718;0.9629368971863448
511.05;0.9640358584324994
511.381;0.964729298375688
511.713;0.9715309493473601
512.045;0.9798969236169971
512.377;0.973472284211868
512.709;0.973522176250607
513.041;0.9771712740244541
513.372;0.9885084973868553
513.704;0.9946052748231277
514.036;0.9872755997748002
514.368;0.9938126447553026
514.699;1.0
515.031;0.990708944178743
515.363;0.9871688367514272
515.695;0.9918998196272174
516.026;0.9953833530463202
516.358;0.9911648029850789
516.69;0.9853942541473476
517.021;0.978690902371048
517.353;0.9806231794547134
517.685;0.9693803945942113
518.016;0.9569260944239706
518.348;0.9619509354684056
518.679;0.9686974973139701
519.011;0.9573108273774615
519.343;0.9468777487289954
519.674;0.93935637540087
520.006;0.9308447341967002
520.337;0.9135262572258216
520.669;0.8933484912729202
521.0;0.8949751796193086
521.332;0.8939881784838963
521.663;0.8865226367229315
521.995;0.8748033531948288
522.326;0.8802265881081237
522.658;0.8779527881402328
522.989;0.8680560489082116
523.32;0.8530868039161745
523.652;0.8495523390408589
523.983;0.8487182807622953
524.315;0.8277588728691485
524.646;0.8149842836287885
524.977;0.8127597817467945
525.309;0.8199935334111175
525.64;0.808803313377144
525.971;0.7980453425240318
526.303;0.7944747950135567
526.634;0.7915855114130065
526.965;0.777175027557205
527.296;0.7594262317522017
527.628;0.7558129196370929
527.959;0.7534847729841468
528.29;0.7448717143321834
528.621;0.731501687367586
528.953;0.7273275352812943
529.284;0.7257623210540666
529.615;0.7193309996794636
529.946;0.711398165519951
530.277;0.7066459488300546
530.608;0.7000551511173394
530.939;0.6843946935052716
531.271;0.6721650559975673
531.602;0.6682261092367597
531.933;0.6586028852885405
532.264;0.6551475646294389
532.595;0.6562894389684372
532.926;0.6579091483689306
533.257;0.6529147474076549
533.588;0.6374877132625447
533.919;0.6258636106773939
534.25;0.6223649314608165
534.581;0.6137823128920121
534.912;0.5949718263816982
535.243;0.5887033965740498
535.574;0.5902561377915929
535.905;0.587983228752965
536.236;0.5701863227677493
536.567;0.5606204152687956
536.898;0.563666353931458
537.229;0.5606801075294296
537.559;0.5465263597896397
537.89;0.5351601812261847
538.221;0.5343687390640439
538.552;0.531237865144957
538.883;0.5179349548515206
539.214;0.4993929350258503
539.544;0.5061644428907843
539.875;0.512271911478215
540.206;0.49816107683126926
540.537;0.4934995864380082
540.867;0.4968848206617382
541.198;0.49523793791871745
541.529;0.48390695106115866
541.86;0.4725060262564389
542.19;0.4664811171140644
542.521;0.4691026764710238
542.852;0.45762112256798465
543.182;0.44381543119368383
543.513;0.45561445289084235
543.844;0.45193268771067807
544.174;0.45047067278977043
544.505;0.44407988869664294
544.835;0.4431335733309165
545.166;0.44193215521949436
545.497;0.43377406444460376
545.827;0.4222118814432452
546.158;0.4226868952287401
546.488;0.43177110697272486
546.819;0.42276440607463817
547.149;0.4188737179822541
547.48;0.4167687491097388
547.81;0.41910743842563275
548.141;0.40903028601781427
548.471;0.3963819117564072
548.802;0.3923480810290691
549.132;0.3913178698243915
549.462;0.38878792769333126
549.793;0.38218346906524675
550.123;0.3779561581995842
550.454;0.38368097266847156
550.784;0.37783617972547373
551.114;0.36970466834026827
551.445;0.36912066420824213
551.775;0.36880913594254416
552.105;0.3611726842512557
552.436;0.3569646768529625
552.766;0.35435959968737263
553.096;0.36381577439874213
553.426;0.3632871563692449
553.757;0.35986227579330243
554.087;0.3614451601175837
554.417;0.36084749507018854
554.747;0.3520510534782168
555.078;0.34872343268017325
555.408;0.347810081697185
555.738;0.34286260301043764
556.068;0.34059696989412624
556.398;0.3316055632817244
556.728;0.3285002293348489
557.058;0.3250125382458509
557.389;0.313225395605535
557.719;0.30578316649362375
558.049;0.31286961785309825
558.379;0.3140668782946254
558.709;0.30414237176723474
559.039;0.29750376085072766
559.369;0.30379639423669297
559.699;0.30618378768564164
560.029;0.29936788184575835
560.359;0.2901875982295587
560.689;0.2918623967561597
561.019;0.2916543647732031
561.349;0.27570925526154355
561.679;0.2573601216213557
562.009;0.2625799276862204
562.339;0.2690228311412449
562.669;0.26376337872416805
562.999;0.25752850725209997
563.328;0.26207640416430317
563.658;0.26644314545965625
563.988;0.257324781427249
564.318;0.24673757201624968
564.648;0.25299338032600255
564.978;0.26060117379265846
565.307;0.25756280802873327
565.637;0.24989606474249604
565.967;0.25303317516642554
566.297;0.25537334936442474
566.626;0.24559287640125108
566.956;0.2323953927372931
567.286;0.23350608455207955
567.616;0.2329600934019501
567.945;0.2179893635278079
568.275;0.21843349176551188
568.605;0.2313341474966143
568.934;0.2450598037254379
569.264;0.24609209376506294
569.594;0.2371357303703471
569.923;0.23615140202272403
570.253;0.23044351520983747
570.582;0.20737557472712284
570.912;0.18880653004713555
571.242;0.194723339772242
571.571;0.19893476239937763
571.901;0.19293019614184634
572.23;0.19061541342784816
572.56;0.1923025364759235
572.889;0.19822097957134588
573.219;0.1918959757554844
573.548;0.18632558902555127
573.878;0.1888494431399797
574.207;0.19190473655990573
574.537;0.18120527006174364
574.866;0.17451023362523396
575.195;0.17675448443922892
575.525;0.17294828613863783
575.854;0.15809129823376392
576.184;0.15415056961443
576.513;0.1611231305164256
576.842;0.1648152898713274
577.172;0.16061737967135045
577.501;0.1589655968173819
577.83;0.16610060382170064
578.16;0.17199692217375337
578.489;0.1623747376430078
578.818;0.1489217057687226
579.147;0.1429233760160341
579.477;0.15861264034094524
579.806;0.16332209242620807
580.135;0.16381329142665102
580.464;0.17320353737254404
580.793;0.17553064460801646
581.123;0.1688069499468741
581.452;0.1532216273693357
581.781;0.12491294398407168
582.11;0.13207527281912798
582.439;0.14948135783422153
582.768;0.15369292894956754
583.097;0.1611611434983221
583.427;0.17165079615500126
583.756;0.16866974684034172
584.085;0.1611663405856907
584.414;0.1548149058683541
584.743;0.1372197953612521
585.072;0.14119809149785142
585.401;0.12546546861546448
585.73;0.12170351980161215
586.059;0.11979470385521115
586.388;0.11645208574790401
586.717;0.11393862580821289
587.046;0.12309945746883255
587.375;0.1335753007219321
587.703;0.13079307712117624
588.032;0.12215195419742174
588.361;0.12167961319971637
588.69;0.12213799630563167
589.019;0.11407478949727153
589.348;0.10838412731680679
589.677;0.10587259772385252
590.006;0.11238633005530146
590.334;0.11357245388103861
590.663;0.10819465636016683
590.992;0.11328082303555188
591.321;0.11580734993777
591.649;0.11208905665781442
591.978;0.10422705137472649
592.307;0.10712969891422451
592.636;0.10956846928401752
592.964;0.10645199872135212
593.293;0.10330360319342202
593.622;0.09886900278585554
593.95;0.10449522108294898
594.279;0.10194374816136131
594.608;0.09796708539507845
594.936;0.09984605521116226
595.265;0.1048272407217007
595.594;0.09292041658369565
595.922;0.10487045079096596
596.251;0.1238873359139204
596.579;0.13363128077730282
596.908;0.13265823753368053
597.236;0.12485800334617428
597.565;0.1126442540769973
597.893;0.11589332461166858
598.222;0.09957001562778153
598.55;0.08973994760228952
598.879;0.1136637741305163
599.207;0.12329471946568343
599.536;0.11810906568924129
599.864;0.1042329909031477
600.193;0.09768451233043401
600.521;0.0867796866371048
600.849;0.08669252405752217
601.178;0.07536851614585847
601.506;0.08040137555366252
601.835;0.09752058134600604
602.163;0.10240227975548716
602.491;0.10553374762741645
602.819;0.11029665546847126
603.148;0.11520834849648015
603.476;0.10743291184013282
603.804;0.09899343590628211
604.133;0.09445103305786849
604.461;0.0870523109916434
604.789;0.09198256504596905
605.117;0.09021199162357409
605.446;0.09154586121879155
605.774;0.09275945536347731
606.102;0.08795511931168379
606.43;0.0770186656295112
606.758;0.07942298673446066
607.086;0.08250040489775608
607.414;0.07410206019822313
607.743;0.08317320497968093
608.071;0.09681392595207958
608.399;0.10178516275251218
608.727;0.10415102541093357
609.055;0.09026574435578723
609.383;0.09141652798741734
609.711;0.09567353649518641
610.039;0.08382922589381535
610.367;0.07870549170116536
610.695;0.09032543661642123
611.023;0.09220113969187355
611.351;0.084043642869825
611.679;0.08162135469140105
612.007;0.07837703577946649
612.335;0.09281825669484851
612.663;0.09165618795921764
612.991;0.08792853992199828
613.319;0.0906204826907502
613.646;0.09136188432594122
613.974;0.07369936017125762
614.302;0.06399684351861373
614.63;0.07099197462861026
614.958;0.07395669024011116
615.286;0.07310035872996777
615.613;0.07301215673291116
615.941;0.0793123630176136
616.269;0.07738424360384322
616.597;0.07041079177258436
616.924;0.05719207429452014
617.252;0.0597477048860027
617.58;0.06153193922376679
617.908;0.0486197014122428
618.235;0.048687115059824676
618.563;0.05703853748482925
618.891;0.06375079855376065
619.218;0.06135612918249583
619.546;0.057244193656417516
619.873;0.06342620332553561
620.201;0.06638186115619399
620.529;0.056602130634072906
620.856;0.048315746045281695
621.184;0.05944716474788418
621.511;0.06193181797473207
621.839;0.05871793914595696
622.166;0.05022961059084102
622.494;0.05752795462674578
622.821;0.06519544035403574
623.149;0.058704575207009
623.476;0.05444771518745041
623.804;0.05965296940768284
624.131;0.06514035122792801
624.459;0.055800145808984555
624.786;0.05007043122914976
625.114;0.055917303007095034
625.441;0.07361130666241171
625.768;0.07088639951092157
626.096;0.0700658536595164
626.423;0.07390174960221406
626.75;0.07823359616809177
627.078;0.06281383794529796
627.405;0.058360973487835706
627.732;0.06578271122669335
628.06;0.0751787482127973
628.387;0.0744113611407631
628.714;0.059144545774818195
629.041;0.06795182700615883
629.369;0.06895263754515081
629.696;0.060441590293823295
630.023;0.04947142978785942
630.35;0.05788892946655135
630.677;0.059669154622631046
631.005;0.05241015996251736
631.332;0.046342634703719875
631.659;0.043770818897289
631.986;0.05059771286475217
632.313;0.04644286424582981
632.64;0.04413639687162149
632.967;0.05390513926616303
633.294;0.05727166397536601
633.621;0.052545581210523294
633.949;0.05014333894052129
634.276;0.054657826005354584
634.603;0.057118127165675006
634.93;0.048225910677909364
635.257;0.04530143537146299
635.584;0.05663524350502175
635.91;0.06504724911992385
636.237;0.05938376028198675
636.564;0.05684639374039974
636.891;0.056535310939333255
637.218;0.06373401938597047
637.545;0.0648218440163348
637.872;0.058801092543855384
638.199;0.06368175153586288
638.526;0.0749276546487863
638.853;0.07120936136883065
639.179;0.06319040404720916
639.506;0.059272245635876325
639.833;0.060513458587721135
640.16;0.056401820038064036
640.487;0.05187218717575637
640.813;0.048351977168651646
641.14;0.050053355084938266
641.467;0.05005587938451742
641.794;0.04713437384228169
642.12;0.0519790986873401
642.447;0.05342774966929948
642.774;0.05000376002262045
643.1;0.04503564147460893
643.427;0.049514045904282725
643.754;0.056520907582911374
644.08;0.05255330259747101
644.407;0.04983700776219178
644.733;0.05079683555507672
645.06;0.05458536375861439
645.387;0.045423492680521
645.713;0.03231346857256703
646.04;0.03950148586804598
646.366;0.04434918047731517
646.693;0.048133996475589656
647.019;0.05060454332243676
647.346;0.060152929212547425
647.672;0.06810180009879721
647.999;0.0688558232318835
648.325;0.06190479312041499
648.651;0.05728770070210347
648.978;0.06042080194434878
649.304;0.054883825061785615
649.631;0.04557732646663317
649.957;0.056918855987139604
650.283;0.05921166244597892
650.61;0.05627545657090045
650.936;0.05263645599536953
651.262;0.05508769937484732
651.589;0.050038060799253437
651.915;0.04679062363489792
652.241;0.046302691375086615
652.568;0.05346071405203769
652.894;0.06077732213783843
653.22;0.05369473147183778
653.546;0.045644591626004594
653.873;0.04785899630968237
654.199;0.04816250621201181
654.525;0.04125676500475591
654.851;0.042188231549429134
655.177;0.05345195324761639
655.503;0.057396097095792756
655.83;0.0517859155254368
656.156;0.04643974599340864
656.482;0.05279815965663978
656.808;0.05793124860655332
657.134;0.04973974798429274
657.46;0.04842176662760232
657.786;0.05373987188783983
658.112;0.05427843862744302
658.438;0.05318571388613081
658.764;0.05288651014190691
659.09;0.0551065573775849
659.416;0.06186989839093975
659.742;0.04885743103730595
660.068;0.038953564371179264
660.394;0.0357352308960882
660.72;0.03538331383712517
661.046;0.02995384241898791
661.372;0.040390187808085724
661.698;0.04527173772935639
662.024;0.051308971393205095
662.349;0.050132944765784164
662.675;0.047255985686708184
663.001;0.05547406569865413
663.327;0.056534865474701455
663.653;0.054434499736712896
663.978;0.0498980364167208
664.304;0.050539505486223185
664.63;0.047761142578941096
664.956;0.03721640079615439
665.282;0.03273636299616483
665.607;0.03993284411964411
665.933;0.047409819472820205
666.259;0.04210255385195165
666.584;0.03965858639478988
666.91;0.039857560596904026
667.236;0.04367088633160062
667.561;0.04303209004988788
667.887;0.03718714861867936
668.213;0.0424800108831263
668.538;0.047237573148602066
668.864;0.041529240871083985
669.189;0.03280927070753657
669.515;0.036951200852142596
669.84;0.044218510852046054
670.166;0.043258237594529625
670.491;0.042131212076584566
670.817;0.04842325150970759
671.142;0.049413667873962445
671.468;0.04192600136962807
671.793;0.04124295560117634
672.119;0.04643811262309248
672.444;0.05125135796751804
672.77;0.04604328247128553
673.095;0.03363738945767874
673.42;0.031030678921772952
673.746;0.037517237910694286
674.071;0.034167640857491965
674.397;0.035765522491037004
674.722;0.05209521646797696
675.047;0.06223621880632464
675.373;0.05664831046754875
675.698;0.046025760862442644
676.023;0.04317359931452564
676.348;0.037850890919761626
676.674;0.03736711632984536
676.999;0.034988780661739105
677.324;0.03839777299915458
677.649;0.047359036504818056
677.974;0.044799693708072255
678.3;0.04354481984085815
678.625;0.04725761905702394
678.95;0.052757028422322216
679.275;0.044718619145121104
679.6;0.04454473945058698
679.925;0.04366064064507378
680.25;0.04004866492385989
680.576;0.03964388606194707
680.901;0.033336403854928504
681.226;0.04146256966455467
681.551;0.04631902507824532
681.876;0.04783018959683917
682.201;0.04707839378691078
682.526;0.058540050269738436
682.851;0.059623271765576226
683.176;0.051385591309839856
683.501;0.044523357148270326
683.826;0.04421747143457227
684.151;0.04502212904745032
684.476;0.03630824690053486
684.8;0.03382908773747674
685.125;0.0362451394110584
685.45;0.04497550374934313
685.775;0.03844885294357798
686.1;0.03262930299637065
686.425;0.03952539246994167
686.75;0.04627937872603297
687.074;0.043880403196662615
687.399;0.034913200162577936
687.724;0.03803160107198047
688.049;0.045448290211680085
688.373;0.0492862649893252
688.698;0.04746401766966471
689.023;0.0544425181000816
689.348;0.05543783457528419
689.672;0.048776801938986564
689.997;0.038942427755389454
690.322;0.03614401893968531
690.646;0.03883328892064753
690.971;0.023737234996816056
691.296;0.043351636678955
691.62;0.06332003425500465
691.945;0.0751001979494255
692.269;0.06545499774604736
692.594;0.0669964538595899
692.919;0.0638511765840809
693.243;0.06558388551278985
693.568;0.05050208645716872
693.892;0.026721848028527343
694.217;0.04965585214534159
694.541;0.0484070662947596
694.866;0.041815674629202
695.19;0.03127152679925732
695.514;0.040861340900106735
695.839;0.04867969064929796
696.163;0.046122575175710244
696.488;0.04570799609190214
696.812;0.05033236443252967
697.136;0.05329307086234619
697.461;0.04259197099386812
697.785;0.03369158765452328
698.11;0.032717653481637625
698.434;0.039687393107633244
698.758;0.03978019823921638
699.082;0.03518760637564271
699.407;0.04632273728350847
699.731;0.04590325808875302
700.055;0.04185309365825627
700.379;0.0356268345023992
700.704;0.032641033565002635
701.028;0.03607244762220858
701.352;0.031660714399064316
701.676;0.03633913244832581
702.0;0.04400988491624737
702.325;0.05274069471916366
702.649;0.044887004775865436
702.973;0.04210923582142564
703.297;0.04219491351890305
703.621;0.041640607028983534
703.945;0.03549943161776189
704.269;0.02749769892856233
704.593;0.03506153988490026
704.917;0.03694897352898457
705.241;0.032085093704767455
705.565;0.01881247500628018
705.889;0.03825953047514856
706.213;0.057542506471378166
706.537;0.059530763610414435
706.861;0.06197695839073418
707.185;0.07116852711093405
707.509;0.07167620830274621
707.833;0.06034017284602928
708.157;0.03938863482804073
708.481;0.031405017700526006
708.805;0.042864001395564524
709.128;0.035314266819227405
709.452;0.025630905145742164
709.776;0.03178188077885908
710.1;0.04347206061769707
710.424;0.04086178636473834
710.748;0.039249798351192626
711.071;0.04090707526895077
711.395;0.04732102352292156
711.719;0.0383659965221005
712.042;0.02831854175638851
712.366;0.028454556957236716
712.69;0.03511989575163965
713.014;0.03135423473252428
713.337;0.028096106417010346
713.661;0.03782074781302357
713.985;0.046540421000149865
714.308;0.042624044447343475
714.632;0.03842761912947181
714.955;0.04738338857134533
715.279;0.05006211588935977
715.603;0.04876744718172303
715.926;0.03576908620808977
716.25;0.040282088390817636
716.573;0.047317608294079355
716.897;0.04587474835233064
717.22;0.03899261677054942
717.544;0.04000679124848954
717.867;0.04613638457928982
718.191;0.04311687681810217
718.514;0.03658725624812634
718.837;0.03817786195935511
719.161;0.04296838860756918
719.484;0.03825760012841145
719.808;0.031775792762227334
720.131;0.03576225575040529
720.454;0.03985013618637722
720.778;0.035371583268493094
721.101;0.03422391788928406
721.424;0.03914882636803023
721.748;0.04934165109185396
722.071;0.04300298636062354
722.394;0.0415194406491887
722.717;0.04329417174147835
723.041;0.049436089593752765
723.364;0.04119454844454267
723.687;0.02927243002085216
724.01;0.026045632717760704
724.334;0.033415548071142574
724.657;0.031706003303276775
724.98;0.026934631634221547
725.303;0.043901043057926685
725.626;0.049548346680915824
725.949;0.045869996729593604
726.272;0.032398997781834055
726.595;0.035685487345559735
726.919;0.03980217449437508
727.242;0.03677791511045067
727.565;0.03420505988654617
727.888;0.036576565096967883
728.211;0.043598275596650124
728.534;0.038958464482126975
728.857;0.031105071515249896
729.18;0.028789991824830614
729.503;0.0382715580202016
729.826;0.0393614614855135
730.148;0.0334090145898792
730.471;0.0442709271903643
730.794;0.04850551397834288
731.117;0.04257014322691998
731.44;0.04210329629300442
731.763;0.044889974540076136
732.086;0.051644109284377814
732.409;0.05227755999051138
732.731;0.0498796238786147
733.054;0.04056956156640962
733.377;0.05593838833299074
733.7;0.05106545072793098
734.022;0.046410048351301865
734.345;0.050267772060947936
734.668;0.060964268794899336
734.991;0.0589307227516507
735.313;0.05868022314048146
735.636;0.0543131848687074
735.959;0.04303995992504583
736.281;0.042547127554287315
736.604;0.03199421891992108
736.927;0.03226045828140668
737.249;0.03172204003001431
737.572;0.03869564034948375
737.894;0.03803902548250701
738.217;0.05087301000708023
738.54;0.050297766679475595
738.862;0.04792210379915891
739.185;0.03874761122317018
739.507;0.042661463476397515
739.83;0.039114674079607524
740.152;0.030793246273130594
740.475;0.028992381255787097
740.797;0.030935794955242277
741.119;0.03475506021836036
741.442;0.031458918920949916
741.764;0.03410304848591009
742.087;0.034865238470575675
742.409;0.04197559643194598
742.731;0.032064602331713904
743.054;0.02657603260578461
743.376;0.036044531838628456
743.698;0.04543477778452149
744.021;0.04076526902789201
744.343;0.046123466104973435
744.665;0.05413603843354184
744.988;0.06018678452454876
745.31;0.05306098378928311
745.632;0.03690041788414018
745.954;0.03450277874866469
746.277;0.04025981515923776
746.599;0.03694258853593167
746.921;0.02690493399211485
747.243;0.038535570058529055
747.565;0.04191842847089079
747.887;0.042796587747982784
748.21;0.03815514326314374
748.532;0.034134379498332576
748.854;0.0400084246188055
749.176;0.04252797257512854
749.498;0.043961626247824064
749.82;0.04447910766153134
750.142;0.04841523314633884
750.464;0.03403370449159128
750.786;0.019589810788420148
751.108;0.037738633832598956
751.43;0.04928344371332498
751.752;0.05779152120044199
752.074;0.06758075496803709
752.396;0.07550675866986477
752.718;0.07408943870032772
753.04;0.06019153614728589
753.361;0.043820413959606994
753.683;0.03259143850268427
754.005;0.04412540874404193
754.327;0.034501590842980635
754.649;0.0341306672930692
754.971;0.04038068456261159
755.293;0.04471134322280502
755.614;0.04190461906731128
755.936;0.04072072256473207
756.258;0.04905031722278837
756.58;0.0526578382976863
756.901;0.05225513827072084
757.223;0.045284210739040966
757.545;0.04827446632275363
757.866;0.04816488202338025
758.188;0.043072924307784394
758.51;0.035875700743252345
758.831;0.03448065400529538
759.153;0.04079704550494588
759.475;0.03861590218042751
759.796;0.03647009905001601
760.118;0.04534999101630715
760.439;0.04432750119857735
760.761;0.045977650682230066
761.082;0.04723920651891787
761.404;0.04722495165070668
761.726;0.04845562193960366
762.047;0.04194872006583955
762.368;0.03306214613007411
762.69;0.03427974945644422
763.011;0.04271001912124194
763.333;0.0351818153354319
763.654;0.03496160731921163
763.976;0.03853052145937118
764.297;0.04461942902048516
764.618;0.04470273090659421
764.94;0.04121296098264869
765.261;0.048225168236856616
765.583;0.05400670520216748
765.904;0.04666054796247104
766.225;0.04054847624051376
766.546;0.039138580681503304
766.868;0.03640728853696022
767.189;0.032886336088803106
767.51;0.024996415022134955
767.831;0.03289064224690861
768.153;0.03798111508039922
768.474;0.038305116355782154
768.795;0.037417899297847654
769.116;0.045418889545994545
769.437;0.0532942587680305
769.759;0.045938152818228405
770.08;0.04627299373298001
770.401;0.04947439955207025
770.722;0.05309469061307413
771.043;0.046577691540993546
771.364;0.039728969806582436
771.685;0.043547789605068755
772.006;0.04277847218629757
772.327;0.03483880756910099
772.648;0.02952456300233724
772.969;0.0465233448559387
773.29;0.05895329295965171
773.611;0.0585635114070027
773.932;0.05796050078402831
774.253;0.058063551602138073
774.574;0.057604426055170216
774.895;0.039924528779854265
775.216;0.027926384392370822
775.537;0.028122834294905908
775.858;0.027921038816791848
776.178;0.026656067751261763
776.499;0.025253002649935904
776.82;0.033889225462742714
777.141;0.03842851005873503
777.462;0.040311489056503294
777.782;0.03390704404800673
778.103;0.04638213256772184
778.424;0.053304801430978356
778.745;0.04739244635218791
779.065;0.04827981189833274
779.386;0.04976395156260954
779.707;0.04677206260858129
780.027;0.0419931180407888
780.348;0.037611527924382625
780.669;0.03925677729708749
780.989;0.044131942225305414
781.31;0.039714120985529254
781.631;0.037664835191963994
781.951;0.04712813733743925
782.272;0.04582144108474933
782.592;0.0370925616285701
782.913;0.04154379271571637
783.233;0.055881071883724924
783.554;0.06662241205725734
783.874;0.05928650050408753
784.195;0.050693933225177415
784.515;0.053403843067403714
784.836;0.053606677962991726
785.156;0.040189283259234404
785.477;0.02786981038415778
785.797;0.03055566513627791
786.117;0.04257222206186742
786.438;0.0379833424035572
786.758;0.03338852321682559
787.079;0.03960572459184003
787.399;0.04581238330390682
787.719;0.04411293573435724
788.039;0.0349232973608943
788.36;0.041149705004961734
788.68;0.04903160770826104
789.0;0.047580432426722635
789.321;0.04276852347619186
789.641;0.04852659930423843
789.961;0.049154704434792904
790.281;0.03931483618740603
790.601;0.030940546577979275
790.922;0.026189666281977452
791.242;0.03336342870924543
791.562;0.021255106069547117
791.882;0.026621766974628695
792.202;0.038489687201474554
792.522;0.05393602481395392
792.842;0.05043645466811339
793.162;0.04615613351129073
793.482;0.05517946508895681
793.802;0.056585351466282775
794.122;0.04670702477236783
794.442;0.033524389929463015
794.762;0.05088221627613321
795.082;0.053774172664472895
795.402;0.04875720149519633
795.722;0.042120075460794416
796.042;0.0418306719384656
796.362;0.04552802838073613
796.682;0.03353715991556901
797.002;0.026197239180714878
797.322;0.033077440415758996
797.642;0.04258350716586782
797.962;0.03629933760790292
798.281;0.030282446828897303
798.601;0.03724609843826102
798.921;0.04068642178809888
799.241;0.032762348433008105
799.561;0.024265853026312716
799.88;0.025629271775426277
800.2;0.03243077425888805
800.52;0.028451290216605165
800.839;0.025831364229961705
801.159;0.0321682471026657
801.479;0.035673905265138146
801.799;0.022741027592350364
802.118;0.030585362778384705
802.438;0.04058307399356807
802.757;0.04960091150744452
803.077;0.0536925041486799
803.397;0.05116775910498813
803.716;0.05842363551268067
804.036;0.06001780494096239
804.355;0.04546224810347008
804.675;0.028770688357461244
804.994;0.046578285493835754
805.314;0.04990887605608971
805.633;0.0481231568362205
805.953;0.045885142527067886
806.272;0.04434264699605157
806.592;0.044249544888047415
806.911;0.032696419667531465
807.231;0.022290068896961345
807.55;0.025139557657088602
807.869;0.03565935342050594
808.189;0.034691655752462726
808.508;0.031050576341984354
808.827;0.036738714222869964
809.147;0.03922410989077047
809.466;0.035646583434400206
809.785;0.029456703890123663
810.105;0.03363085597641542
810.424;0.04493422402681505
810.743;0.041379416266656574
811.062;0.052321660989039835
811.382;0.0639987738653507
811.701;0.07495230369173464
812.02;0.06915383907042301
812.339;0.05720365637494191
812.658;0.056290156903743054
812.977;0.047933537391369865
813.296;0.03953771699141595
813.616;0.03064253073943947
813.935;0.043753297288446374
814.254;0.04734225733702783
814.573;0.045957604773808135
814.892;0.03970105402300231
815.211;0.04472663750848975
815.53;0.049276167791008886
815.849;0.0398811702223787
816.168;0.03852473041916025
816.487;0.0445052415865853
816.806;0.04623616865676787
817.125;0.04268566705471451
817.444;0.03880893685412037
817.763;0.04798105361874044
818.082;0.05447711585313597
818.4;0.04685774030605878
818.719;0.04274743815029616
819.038;0.0469397057982728
819.357;0.04517462643966769
819.676;0.038353523512415666
819.995;0.03145624613316022
820.313;0.027922672187107683
820.632;0.03616718310052864
820.951;0.031139520780093476
821.27;0.028336657318073527
821.588;0.03152974779737416
821.907;0.034672055308672574
822.226;0.03598988817715236
822.545;0.03505678826216335
822.863;0.04162798553108834
823.182;0.04969148931586943
823.501;0.048205864769487454
823.819;0.04397870239203545
824.138;0.045356969962202114
824.456;0.03830793763178197
824.775;0.027024467001593847
825.093;0.013155816626027536
825.412;0.02750081718098385
825.731;0.05125492168457108
826.049;0.06412721616746181
826.368;0.06573504651111244
826.686;0.0707465236165995
827.005;0.07425782433107213
827.323;0.05915538541418693
827.641;0.037492440379535044
827.96;0.025085507948454294
828.278;0.04095815521337413
828.597;0.03956934498025974
828.915;0.04411174782867305
829.233;0.05213709014334718
829.552;0.057641548107803454
829.87;0.05038166251842671
830.188;0.04154943526771638
830.507;0.04005163468807041
830.825;0.04252336944060196
831.143;0.037077118854674504
831.462;0.027759038179100345
831.78;0.040393454548717365
832.098;0.04710111248312225
832.416;0.04056154320304083
832.735;0.032527737060366074
833.053;0.040146667142811565
833.371;0.04482360030996788
833.689;0.03952390758783648
834.007;0.037732842792388
834.325;0.03613184290642185
834.643;0.04619162219360806
834.961;0.04269591274124142
835.28;0.03802076143261144
835.598;0.05165955205827317
835.916;0.05800326538866192
836.234;0.05366592475899448
836.552;0.049125006792686304
836.87;0.05231052437324954
837.188;0.0428158912153518
837.506;0.040911826891687875
837.824;0.030885308963661113
838.142;0.037770855774284406
838.46;0.04585722674348782
838.777;0.04153131970603136
839.095;0.04054907019335592
839.413;0.047518809819351394
839.731;0.048787047625513384
840.049;0.036980304541407064
840.367;0.03517646975985284
840.685;0.03884605890675342
841.002;0.045919443303701034
841.32;0.03846934431663156
841.638;0.04056674029040939
841.956;0.0467863174767924
842.273;0.05192118828523228
842.591;0.044390608688053765
842.909;0.03871924997495825
843.227;0.03907963086192179
843.544;0.04021051707334085
843.862;0.029727991850767473
844.18;0.027979988636373434
844.497;0.03893485485665233
844.815;0.05061805574959518
845.132;0.05096655757971608
845.45;0.04898973403289099
845.768;0.05811359212908788
846.085;0.058549256538791464
846.403;0.0507316492306528
846.72;0.04252589374018098
847.038;0.04861747408908474
847.355;0.054313184868707454
847.673;0.05295808145938378
847.99;0.04023635402197344
848.308;0.040162852357759564
848.625;0.04464511748090723
848.943;0.0345618770564569
849.26;0.027949994017845717
849.577;0.030577938367857733
849.895;0.03202926213760689
850.212;0.03137175634136715
850.529;0.024672116770331105
850.847;0.026906121897799215
851.164;0.037354197855529105
851.481;0.038333626092204455
851.799;0.03829026753472874
852.116;0.04710556712943828
852.433;0.0540121992659573
852.75;0.04621716216581961
853.068;0.03736622540058213
853.385;0.03578883514009052
853.702;0.039772922316900064
854.019;0.03267785864121484
854.336;0.02779942697236531
854.653;0.027157363950020948
854.971;0.03421396917917818
855.288;0.030804531377131242
855.605;0.026713681176948462
855.922;0.0302733890480548
856.239;0.037771301238916026
856.556;0.03139759328999993
856.873;0.02780031790162858
857.19;0.03059842974091149
857.507;0.0325333796123663
857.824;0.03466789763877758
858.141;0.028416989439972097
858.458;0.042143091133427124
858.775;0.046337437616351444
859.092;0.04946311444806995
859.409;0.04232187093890882
859.726;0.050009105598199606
860.043;0.05478181366114951
860.359;0.05251885333262737
860.676;0.04349893698380343
860.993;0.04661080441194224
861.31;0.05067656010454509
861.627;0.03722308276562834
861.944;0.03405954144022391
862.26;0.03224160027866891
862.577;0.032845056366274945
862.894;0.03318836110902721
863.211;0.02839248888523412
863.527;0.03541330845565289
863.844;0.04954092227038922
864.161;0.04392079198992767
864.477;0.04489056849291823
864.794;0.050850142822658075
865.111;0.04671073697763123
865.427;0.0410301719954827
865.744;0.03788667657850015
866.06;0.038223002375357196
866.377;0.044906456731445346
866.693;0.04795061353558132
867.01;0.04287409859388086
867.327;0.049510779163651104
867.643;0.05402556320490536
867.96;0.051839668257649636
868.276;0.05367275521667894
868.593;0.05635653113385142
868.909;0.06062081556393653
869.225;0.05052124143632763
869.542;0.04557613856094886
869.858;0.04317701454336783
870.175;0.036908881712140636
870.491;0.03698253186456501
870.807;0.03827660661935968
871.124;0.04034519588029414
871.44;0.04497283096155346
871.756;0.04167639268772215
872.073;0.035936432421360326
872.389;0.03807451416482431
872.705;0.037513080240799364
873.021;0.03275937866879745
873.338;0.03775363114186265
873.654;0.042887907997460346
873.97;0.046057091874865064
874.286;0.0419895543237361
874.602;0.0343394417170786
874.918;0.04100552295253419
875.235;0.04216699773532277
875.551;0.034111363825699806
875.867;0.027925493463107944
876.183;0.035932423239676006
876.499;0.038415591584418485
876.815;0.03154994219400663
877.131;0.02645070855609461
877.447;0.032380288267306725
877.763;0.03859125313747902
878.079;0.0340424652960128
878.395;0.029161212351163066
878.711;0.028152828913433778
879.027;0.040693103757572915
879.343;0.032970231927754404
879.659;0.03325993242650405
879.975;0.041053484644536384
880.291;0.04815760610106432
880.607;0.04675023484163293
880.922;0.04183482960836071
881.238;0.04638049919740587
881.554;0.050485455777589124
881.87;0.04358669351622851
882.186;0.034702495391831525
882.501;0.04377081889728918
882.817;0.04313974400252414
883.133;0.034369287847395645
883.449;0.02809001840037847
883.764;0.031041370072931267
884.08;0.0395553870884694
884.396;0.03861397183369062
884.711;0.033195488543132715
885.027;0.04401270619224744
885.343;0.05140177652478803
885.658;0.041970250856366735
885.974;0.03013202827162737
886.29;0.02541084561773229
886.605;0.029585740145076797
886.921;0.029086671269475655
887.236;0.02905890397410584
887.552;0.036421097940539965
887.867;0.04639995115298577
888.183;0.04491982067039337
888.498;0.03852458193094981
888.814;0.0407781875022083
889.129;0.043753594264867496
889.445;0.0443246799225772
889.76;0.04280713041093049
890.075;0.05183135291785985
890.391;0.0560895493313131
890.706;0.0464865197797264
891.021;0.037337121711317714
891.337;0.03690383311298248
891.652;0.03576745283777402
891.967;0.04095013685000544
892.283;0.04329654755284706
892.598;0.05002603325420015
892.913;0.055636511800977145
893.229;0.045677556008742994
893.544;0.033972972813483215
893.859;0.03755985402711699
894.174;0.03678385463887187
894.489;0.027894013962474835
894.804;0.033279087405662905
895.12;0.04408650483288229
895.435;0.04720475725407431
895.75;0.04114317152369827
896.065;0.03080185858934158
896.38;0.028203463393225867
896.695;0.047684374174095885
897.01;0.05018610354515489
897.325;0.053458932193511534
897.64;0.06649916684251499
897.955;0.07654335486759527
898.27;0.06520078592961487
898.585;0.04864331103771753
898.9;0.04388426389013636
899.215;0.03960483366257667
899.53;0.049365409205539224
899.845;0.049518203574177494
900.16;0.054370055853341544
900.475;0.057595368274327784
900.79;0.047299789708815335
901.104;0.03431137744528772
901.419;0.029184376512005863
901.734;0.028058835876166383
902.049;0.021004012505535675
902.364;0.026269255962823423
902.678;0.03664531513844477
902.993;0.04278604508503487
903.308;0.04432928305710373
903.623;0.03767508087849076
903.937;0.04184878750015087
904.252;0.04708656063849009
904.567;0.03582714509840814
904.881;0.03137383517631447
905.196;0.04172376042688212
905.511;0.04738279461850326
905.825;0.042056670994897065
906.14;0.04093127884726792
906.454;0.04514359240366642
906.769;0.05618354236858052
907.084;0.053707204481522636
907.398;0.04972682950997634
907.713;0.05199231413807751
908.027;0.055737780760560546
908.342;0.045439380919048
908.656;0.03391699275811214
908.97;0.0332033584182908
909.285;0.038208153554303896
909.599;0.03270547744837407
909.914;0.027606986251514632
910.228;0.033177076005026555
910.542;0.03525902920490907
910.857;0.032427804494677456
911.171;0.025097387005297362
911.485;0.028047847748587148
911.8;0.037883558326079016
912.114;0.03824676048904264
912.428;0.03529065719375264
912.743;0.04545764496894361
913.057;0.05021090107631384
913.371;0.04295561862146347
913.685;0.03595232065988749
913.999;0.03633007466748329
914.314;0.04459997706490518
914.628;0.04372359964633998
914.942;0.04433373770341972
915.256;0.04811142626758847
915.57;0.057195489523362585
915.884;0.05182882861828074
916.198;0.03981761726827058
916.512;0.04166124689024754
916.827;0.043195130105052895
917.141;0.038350702236415596
917.455;0.022298681213172297
917.769;0.02801859557111213
918.083;0.03614609777463298
918.397;0.042342956264804575
918.711;0.04133086062181192
919.024;0.04583554746474985
919.338;0.05227310534419546
919.652;0.04637262932224773
919.966;0.03775541300038903
920.28;0.03623118151926815
920.594;0.038249136300411046
920.908;0.04026931840471192
921.222;0.037933747341239214
921.535;0.04588410310959423
921.849;0.05335469346971734
922.163;0.04440813029689673
922.477;0.03995897804469799
922.79;0.04703043209490845
923.104;0.04454815467942931
923.418;0.03539073824765192
923.732;0.03506436116090048
924.045;0.042250448109642416
924.359;0.052926304982329864
924.673;0.052291517882301554
924.986;0.047766191178099285
925.3;0.053867868725319165
925.614;0.056563672187544885
925.927;0.04227346378227485
926.241;0.03119520385904322
926.554;0.03425896110696951
926.868;0.035242547013539786
927.181;0.0242299188793638
927.495;0.01696543015546037
927.808;0.020241377056238314
928.122;0.025001018156661513
928.435;0.02335517483111436
928.749;0.022206470034431536
929.062;0.030699401724074003
929.376;0.042774908469245095
929.689;0.0462527993363478
930.002;0.0461310390037107
930.316;0.060213957867076444
930.629;0.07037129390858264
930.942;0.06184064621346489
931.256;0.05528786148264581
931.569;0.05543234051149419
931.882;0.0527196093932678
932.195;0.04135476722370755
932.509;0.03153702371969017
932.822;0.035998203516942016
933.135;0.044503756704479945
933.448;0.04002297646343782
933.762;0.03452980360298176
934.075;0.042299300730907825
934.388;0.05261655857515814
934.701;0.048435427542971345
935.014;0.04112431352096059
935.327;0.044717282751226196
935.64;0.049865962963245726
935.953;0.040461907613773156
936.266;0.03450560002466493
936.58;0.04312860738673425
936.893;0.04804386413179587
937.206;0.04684452485532131
937.519;0.04011548461859966
937.832;0.038100796578088604
938.144;0.043146425971998255
938.457;0.032071581277608945
938.77;0.02722091690412901
939.083;0.039444614883411756
939.396;0.0486302440751905
939.709;0.03403756518506544
940.022;0.03991057088806445
940.335;0.050629637830016755
940.648;0.058275592766779266
940.96;0.05652150153575362
941.273;0.048288721190964834
941.586;0.05826594103309478
941.899;0.06855097693565947
942.211;0.0628545237149838
942.524;0.04524382194577597
942.837;0.06040194394161121
943.15;0.07353928988030316
943.462;0.071416205446103
943.775;0.06012991353991461
944.088;0.057646596706961435
944.4;0.05219722786861298
944.713;0.0463153128729819
945.025;0.04152731052434688
945.338;0.040544170082408064
945.651;0.04378344039518443
945.963;0.04265804824755543
946.276;0.03609234504242003
946.588;0.03661888423696975
946.901;0.03711557730120258
947.213;0.028296120036598038
947.526;0.02706797404728016
947.838;0.037643749866068325
948.151;0.04692159023658799
948.463;0.04363346730254642
948.775;0.038445586202946275
949.088;0.04808885605958739
949.4;0.052435402958307877
949.713;0.044390608688053806
950.025;0.04013597599165321
950.337;0.040828525005578785
950.65;0.04445089490153011
950.962;0.037027078327724894
951.274;0.02510392048656079
951.586;0.028477869606290424
951.899;0.03664279083886586
952.211;0.03915907205455709
952.523;0.036500390644964756
952.835;0.05466495343946013
953.147;0.06314244235520725
953.46;0.05922101720324266
953.772;0.053589156354148855
954.084;0.05194865860418067
954.396;0.05086187339129007
954.708;0.03874820517601218
955.02;0.03089273337418772
955.332;0.027932620897213326
955.644;0.04025699388323766
955.956;0.031187482472095768
956.268;0.029354840977698127
956.58;0.044932739144709646
956.892;0.05114251610919768
957.204;0.05097116071424263
957.516;0.04843810033076102
957.828;0.05386757174889815
958.14;0.05882098996406679
958.452;0.05409535266385578
958.764;0.046939854286483396
959.076;0.05024148964768354
959.388;0.05962609304157639
959.699;0.05003835777567437
960.011;0.044085762391829555
960.323;0.04185517249320362
960.635;0.04351111301706713
960.947;0.03537336512701948
961.258;0.02974209823076791
961.57;0.03616510426558109
961.882;0.038988607588865194
962.194;0.04250035376796952
962.505;0.041070857765168736
962.817;0.044323046552261304
963.129;0.04298294045220154
963.44;0.04251861781786499
963.752;0.03955137790678503
964.063;0.04520669989314285
964.375;0.046072237672339526
964.687;0.04189155210478435
964.998;0.04307277581957392
965.31;0.04390638863350598
965.621;0.05097413047845316
965.933;0.0467944843283717
966.244;0.04969861674997511
966.556;0.05245930956020364
966.867;0.05411242880806694
967.179;0.04383155057539716
967.49;0.036113875832947256
967.801;0.038663418407797884
968.113;0.034972001493948746
968.424;0.03290890629680415
968.736;0.02959390699665599
969.047;0.02935691981264557
969.358;0.03234643295530548
969.67;0.033799687071791526
969.981;0.03980291693542793
970.292;0.04692470848900917
970.603;0.05966187870031499
970.915;0.057520827192640386
971.226;0.05397581965437673
971.537;0.05731353765073623
971.848;0.052988224566121775
972.16;0.03673871422286993
972.471;0.03265009134584522
972.782;0.04373488475034027
973.093;0.04651963265067508
973.404;0.0387364746073803
973.715;0.03800279435913689
974.026;0.04228148214564379
974.337;0.04936897292259193
974.648;0.039544547449100576
974.959;0.025904568917754285
975.27;0.03314619045723574
975.581;0.03637833333590671
975.892;0.03835203863031056
976.203;0.03553447483544771
976.514;0.049635212284077586
976.825;0.05797950727497651
977.136;0.05155724368121615
977.447;0.04364519787117837
977.758;0.03970699355142368
978.069;0.0457174993373762
978.38;0.03922930697813893
978.691;0.04095147324390021
979.001;0.04663931414836474
979.312;0.05335974206887542
979.623;0.04279035124314036
979.934;0.034790845877098596
980.244;0.03486761428194419
980.555;0.03022260608005252
980.866;0.03510593785984983
981.177;0.037035542155725375
981.487;0.045217242556090734
981.798;0.049910360938195286
982.109;0.051882284374072815
982.419;0.04712264327364954
982.73;0.05711515740146435
983.04;0.05682946608439888
983.351;0.05108222989572113
983.662;0.04884911569751614
983.972;0.054752116019042986
984.283;0.05979507262516289
984.593;0.049972429010197834
984.904;0.04727543764228802
985.214;0.05706541385093564
985.525;0.0599235149272738
985.835;0.050854003516131896
986.146;0.04339395581895653
986.456;0.042525893740180856
986.766;0.040248084590605464
987.077;0.02765242364393782
987.387;0.017946343274241088
987.698;0.02758382209067144
988.008;0.03959889413415567
988.318;0.03513563550195638
988.628;0.03314069639344624
988.939;0.04562513967042487
989.249;0.05560978392308132
989.559;0.04947677536343899
989.87;0.04113648955422424
990.18;0.050734322018442364
990.49;0.05790095701160468
990.8;0.047510049014930014
991.11;0.03743319358353251
991.42;0.04232528616775096
991.731;0.05003850626388506
992.041;0.04727142846060361
992.351;0.039969817684066905
992.661;0.04842384546254971
992.971;0.05763976624927715
993.281;0.04631813414898207
993.591;0.038198650308829886
993.901;0.03986320314890425
994.211;0.04988021783145693
994.521;0.046250572013189585
994.831;0.045400328519677825
995.141;0.05025351719273663
995.451;0.05388806312195182
995.761;0.05126798864709789
996.071;0.03994130794764443
996.381;0.04032797124787223
996.691;0.041717078457408
997.0;0.04039568187187538
997.31;0.03383591819516126
997.62;0.038523097048844324
997.93;0.04083000988768417
998.24;0.03148445889316148
998.549;0.02687672123211371
998.859;0.02809313665279961
999.169;0.03398084268864153
999.479;0.03506970673647964
999.788;0.03595024182493997
1000.098;0.04151840123171492
1000.408;0.04310173102062784
1000.717;0.03540543858049473
1001.027;0.027161670108126482
1001.337;0.03125355972578278
1001.646;0.03772883361070361
1001.956;0.038650054468850156
1002.265;0.040559464368093365
1002.575;0.05102298309971855
1002.884;0.055555437238026265
1003.194;0.04798446884758279
1003.503;0.041423665753394893
1003.813;0.04171277229930261
1004.122;0.04971435650029163
1004.432;0.04683323975132078
1004.741;0.039124474301502746
1005.051;0.042326622561645766
1005.36;0.04680963012584608
1005.67;0.0385625949128462
1005.979;0.032598862913211464
1006.288;0.04014503377249584
1006.598;0.04853016302129133
1006.907;0.05301510093222858
1007.216;0.05059771286475224
1007.525;0.056743491410500245
1007.835;0.05895076866007256
1008.144;0.051742853944382126
1008.453;0.039082303649711284
1008.762;0.03477763042636112
1009.072;0.037507437688798946
1009.381;0.03300393875154531
1009.69;0.029095135097475945
1009.999;0.03505010629268922
1010.308;0.04607312860160276
1010.617;0.04418302216972889
1010.926;0.045565150433369554
1011.236;0.049927288594195894
1011.545;0.05509527227358455
1011.854;0.04836964726570528
1012.163;0.04203870392142244
1012.472;0.045342418117570005
1012.781;0.05376971801815687
1013.09;0.046269726992348235
1013.399;0.03844410132084082
1013.708;0.04161773984456153
1014.017;0.045872818005593716
1014.325;0.044579337203641226
1014.634;0.0384421709741038
1014.943;0.039810935298796576
1015.252;0.04585767220811929
1015.561;0.042553958011971885
1015.87;0.034524012562770975
1016.179;0.036152631255896274
1016.487;0.037833220822708284
1016.796;0.03749437072627211
1017.105;0.03460835386635374
1017.414;0.03979875926553284
1017.722;0.03902008708949807
1018.031;0.03509227694448061
1018.34;0.02358399516354553
1018.649;0.018934829291759266
1018.957;0.040014067170805794
1019.266;0.04507320899187378
1019.574;0.047487627295139605
1019.883;0.05602287812478391
1020.192;0.061288418558492874
1020.5;0.0551571918573768
1020.809;0.04062093848725385
1021.117;0.03461681769435385
1021.426;0.02770201870625551
1021.734;0.03704519388941013
1022.043;0.03131547930957523
1022.351;0.03844202248589338
1022.66;0.05037334717863683
1022.968;0.046319025078245264
1023.277;0.04561979409484558
1023.585;0.040571491913146435
1023.893;0.05068027230980845
1024.202;0.042522478511338786
1024.51;0.03738122270984589
1024.819;0.036404764237381274
1025.127;0.04631724321971884
1025.435;0.04432423445794565
1025.743;0.037808126315128164
1026.052;0.04101665956832403
1026.36;0.03691808798119358
1026.668;0.035871543073357534
1026.976;0.02642680195419877
1027.285;0.029115477982318803
1027.593;0.02453075599390358
1027.901;0.025337046977097606
1028.209;0.025098426422771096
1028.517;0.028585375070716467
1028.825;0.042736895487348485
1029.134;0.04211472988521541
1029.442;0.042675124391766704
1029.75;0.048577679248661805
1030.058;0.047234306407970335
1030.366;0.03635219941085266
1030.674;0.03242617112436153
1030.982;0.03577101655482661
1031.29;0.03511945028700798
1031.598;0.03685349560961195
1031.906;0.031184067243253438
1032.214;0.03428657991412894
1032.522;0.044519644943006954
1032.829;0.033577251732412966
1033.137;0.032205220667088516
1033.445;0.04090766922179294
1033.753;0.045656619171057816
1034.061;0.04169569615509144
1034.369;0.03709790720414919
1034.676;0.04298694963388573
1034.984;0.04451103262679594
1035.292;0.04287276219998607
1035.6;0.02990528677414363
1035.907;0.03382997866674006
1036.215;0.04327278943916177
1036.523;0.034737835585938466
1036.831;0.034986553338581056
1037.138;0.03725990784184056
1037.446;0.04591008854643751
1037.753;0.03750699222416743
1038.061;0.027816651604787277
1038.369;0.03254748599236681
1038.676;0.03634507197674706
1038.984;0.03486434754131271
1039.291;0.03293979184459502
1039.599;0.041964162839734996
1039.906;0.04769669869556985
1040.214;0.04625339328918965
1040.521;0.035530465653763305
1040.829;0.03650618168517522
1041.136;0.04182517787467607
1041.444;0.031199658505359322
1041.751;0.022596103098869752
1042.058;0.02841283177007701
1042.366;0.03206237500855592
1042.673;0.03630215888390328
1042.98;0.0348110402737314
1043.288;0.042276582034696385
1043.595;0.056081827944365725
1043.902;0.06033527273508201
1044.21;0.06282363816719304
1044.517;0.07156603005053072
1044.824;0.07092812469808121
1045.131;0.06366838759691473
1045.439;0.051279719215729866
1045.746;0.047001773870275494
1046.053;0.04660516185994194
1046.36;0.03425688227202215
1046.667;0.026705365837158643
1046.974;0.03752822603827352
1047.281;0.04457295221058824
1047.588;0.03680776124076771
1047.896;0.030972323055033547
1048.203;0.03417016515707098
1048.51;0.03864619377537638
1048.817;0.0427346681641905
1049.124;0.03602775267083819
1049.431;0.0484894772516052
1049.738;0.05828064136593747
1050.044;0.05047684346137838
1050.351;0.042599395404394814
1050.658;0.03860461707642682
1050.965;0.04218778608479742
1051.272;0.029423442530964183
1051.579;0.028852208385044084
1051.886;0.03621945095063614
1052.193;0.04504262042050408
1052.499;0.038633275301059866
1052.806;0.035125983768271606
1053.113;0.043449341921485425
1053.42;0.04519110863103694
1053.726;0.0381355428193535
1054.033;0.030388170434796847
1054.34;0.03729688140626334
1054.647;0.05051262912011684
1054.953;0.04882476363098877
1055.26;0.044258602668890146
1055.566;0.05473845510367393
1055.873;0.0632812788320555
1056.18;0.05392949133269039
1056.486;0.040587974104515555
1056.793;0.045520900946630576
1057.099;0.0530479168267562
1057.406;0.04804416110821706
1057.712;0.04082080361863128
1058.019;0.047842068653681506
1058.325;0.05850233426426299
1058.632;0.049966044017144925
1058.938;0.03633452931379917
1059.245;0.032429140888572044
1059.551;0.039849245257114065
1059.857;0.03245245353762592
1060.164;0.022822993084564175
1060.47;0.03095539539903267
1060.777;0.04600512100117877
1061.083;0.05084182748286838
1061.389;0.045427947326836984
1061.695;0.04806331608737568
1062.002;0.05020986165884004
1062.308;0.046631147296785455
1062.614;0.02995874252993548
1062.92;0.033578142661675976
1063.227;0.03857388001684651
1063.533;0.03270547744837396
1063.839;0.030390397757954855
1064.145;0.03178336566096436
1064.451;0.0360846236554723
1064.757;0.03253664635299803
1065.063;0.029732001032451653
1065.37;0.028398873878286716
1065.676;0.03413660682149055
1065.982;0.025202516658354757
1066.288;0.017195289905365497
1066.594;0.02355444600964944
1066.9;0.03137309273526185
1067.206;0.02970601559560856
1067.512;0.028587156929242886
1067.818;0.03996892675480384
1068.123;0.05009196201967695
1068.429;0.04600898169465245
1068.735;0.03717437863257362
1069.041;0.04508954269503231
1069.347;0.05047476462643079
1069.653;0.04168381709824868
1069.959;0.030977074677770326
1070.264;0.02523384767077705
1070.57;0.030082284721099067
1070.876;0.03212325517487451
1071.182;0.032791155145851604
1071.487;0.04503356263966141
1071.793;0.057638578343592976
1072.099;0.05366993394067888
1072.405;0.04624121725592596
1072.71;0.04683947625616308
1073.016;0.03683389516582141
1073.321;0.02869421692903685
1073.627;0.023355174831114274
1073.933;0.032321486935935805
1074.238;0.043042484224625296
1074.544;0.03976534941816319
1074.849;0.04330545684547905
1075.155;0.049244985266796944
1075.46;0.055226684339906226
1075.766;0.04228341249238077
1076.071;0.036090860160314694
1076.377;0.03914051102824022
1076.682;0.04150295845781953
1076.988;0.03705588504056823
1077.293;0.02923753529137694
1077.598;0.038011406675347824
1077.904;0.03899439862907592
1078.209;0.03178098984959594
1078.514;0.023873695662295295
1078.82;0.030641342833755525
1079.125;0.04319691196357949
1079.43;0.039237325341507895
1079.736;0.03712047741215024
1080.041;0.04028000955587023
1080.346;0.045913800751700935
1080.651;0.04397291135182471
1080.956;0.04132536655802208
1081.262;0.045160817036088104
1081.567;0.04334762749727049
1081.872;0.045240406716934016
1082.177;0.04080803363252537
1082.482;0.04316632339220958
1082.787;0.046537599724149684
1083.092;0.042732143864611306
1083.397;0.0392496498629822
1083.702;0.04691297792037707
1084.007;0.05055465128369751
1084.312;0.04204746472584375
1084.617;0.03895876145854807
1084.922;0.04544205370683752
1085.227;0.04498886768829101
1085.532;0.037011041600987324
1085.837;0.02974595892424173
1086.142;0.0252636938010942
1086.447;0.03383873947116155
1086.752;0.03656409208728329
1087.057;0.03735330692626579
1087.361;0.04056733424325141
1087.666;0.04741145284313623
1087.971;0.041500879622872196
1088.276;0.038173852777670894
1088.581;0.03718536676015309
1088.885;0.04099379238390201
1089.19;0.04204137670921204
1089.495;0.03890189047391404
1089.799;0.04635273190203628
1090.104;0.051916733638916274
1090.409;0.04388812458361039
1090.713;0.043652176817073444
1091.018;0.04770813228778087
1091.323;0.04868340285456121
1091.627;0.046199343580555635
1091.932;0.03615233427947525
1092.236;0.031103438144933892
1092.541;0.031160903082410363
1092.845;0.031053100641563493
1093.15;0.029369838286961863
1093.454;0.04281856400314157
1093.759;0.051725629311960515
1094.063;0.05439722919586934
1094.368;0.051998550642920034
1094.672;0.05474201882072668
1094.976;0.052467921876414574
1095.281;0.04614069073739502
1095.585;0.04337955246253486
1095.889;0.04247006217302061
1096.194;0.04399563004803613
1096.498;0.03771012409617648
1096.802;0.03528560859459447
1097.107;0.039015929419603114
1097.411;0.04034059274576765
1097.715;0.034344638804447256
1098.019;0.03322281037387094
1098.323;0.04132789085760121
1098.628;0.04545274485799587
1098.932;0.04826795845484128
1099.236;0.05048103505165713
1099.54;0.04538010158716731
1099.844;0.029656106942804135
1100.148;0.0
