Wavelength;Intensity
174.456;0.023843499628002543
174.799;0.034867908340976195
175.142;0.04108193700529783
175.485;0.043521216337055205
175.828;0.04322137705233606
176.17;0.03989364361834944
176.513;0.03460699684603355
176.856;0.041595478981523035
177.199;0.043539641668813876
177.542;0.037689110099862776
177.884;0.0328354066957181
178.227;0.037401724408906906
178.57;0.03810380835752411
178.913;0.033969829202213093
179.255;0.02322648316349463
179.598;0.0358518980327419
179.941;0.04490046482837353
180.284;0.044188401509919525
180.626;0.04242527870370788
180.969;0.04324066378057286
181.312;0.04999377391031634
181.654;0.044875970011501475
181.997;0.039158093500178466
182.34;0.031979801734359235
182.682;0.045966543771744084
183.025;0.044320451757254534
183.368;0.039171096921480957
183.71;0.03794393683670478
184.053;0.04053524653765278
184.395;0.036280204521998795
184.738;0.03256939096845299
185.081;0.03465497846262248
185.423;0.036471223772914625
185.766;0.03182557510960941
186.108;0.030063057113690877
186.451;0.03274982603923908
186.793;0.03727289981646858
187.136;0.03586701829007034
187.478;0.03150905772286732
187.821;0.03682483619096921
188.163;0.04006833299135066
188.506;0.03780180641781753
188.848;0.03087047885502946
189.191;0.035463206617685435
189.533;0.04165535520054371
189.876;0.04159225332662636
190.218;0.034189375338622104
190.561;0.0351399355160034
190.903;0.04238253877632614
191.245;0.040501679566383716
191.588;0.03736966946337059
191.93;0.03850066471153786
192.272;0.038882602411654255
192.615;0.03330695712093434
192.957;0.0251317363885934
193.3;0.024193675623936855
193.642;0.02664345971629073
193.984;0.027277502506930115
194.327;0.020706037068559183
194.669;0.029580418499767173
195.011;0.041204166721863146
195.353;0.043634294479690014
195.696;0.0412737199055739
196.038;0.04576544434927576
196.38;0.05098848523909661
196.722;0.04572713969737709
197.065;0.0366749440399865
197.407;0.030106301049649967
197.749;0.03577135746203893
198.091;0.03117006155356376
198.434;0.028492566385843545
198.776;0.031635261470702024
199.118;0.0390799721706483
199.46;0.038790268040235415
199.802;0.03699015100442688
200.144;0.04244493503823482
200.487;0.044652694211618126
200.829;0.04141222146270242
201.171;0.03357045280531124
201.513;0.03752228326067234
201.855;0.04093200208995106
202.197;0.03858241490282706
202.539;0.03144615745238102
202.881;0.03586389343688901
203.223;0.041173321396912994
203.565;0.03473400700759253
203.907;0.030615148109609927
204.249;0.03393041573144364
204.591;0.03806993898110846
204.933;0.03603122428465719
205.275;0.03189664031905296
205.617;0.032036452298483224
205.959;0.038643198337287424
206.301;0.034897104183308665
206.643;0.02795045475976122
206.985;0.03339784619735621
207.327;0.039927813182273994
207.669;0.04161133781302118
208.011;0.04065514765822447
208.353;0.041703293875601795
208.695;0.042682930005420526
209.037;0.04078515032031212
209.379;0.0353111213237781
209.721;0.03259278382097092
210.062;0.03523701754742179
210.404;0.035220095963436955
210.746;0.03519717002446528
211.088;0.03521811238727889
211.43;0.03521690831078698
211.772;0.035200226332479934
212.113;0.035168271079840295
212.455;0.03517497640995688
212.797;0.035171192212754436
213.139;0.035144328555567574
213.48;0.035103596295953915
213.822;0.035136482855643275
214.164;0.03513153964031575
214.506;0.035055025594139484
214.847;0.03497830288841209
215.189;0.03492835442874989
215.531;0.03490313565395693
215.872;0.03483551574634812
216.214;0.03479001455757308
216.556;0.03478748907139237
216.898;0.03484412643049153
217.239;0.0347958545049619
217.581;0.03470783817663075
217.922;0.03465891597923429
218.264;0.03464988807679034
218.606;0.034602701483331756
218.947;0.03456049792187833
219.289;0.034566194932434534
219.63;0.0345735436799013
219.972;0.034541080588218864
220.314;0.03451473464864292
220.655;0.03451168035666258
220.997;0.03450759435912385
221.338;0.034479665328605635
221.68;0.03445086224641211
222.021;0.034470074549382196
222.363;0.03448139286840626
222.704;0.03445616733989837
223.046;0.03444495304824473
223.387;0.03450744063650769
223.729;0.0345749118615861
224.07;0.034574087303553123
224.412;0.03453416952180089
224.753;0.03455548999184943
225.094;0.0345787029133052
225.436;0.034533617531606685
225.777;0.0344659016607647
226.119;0.03444425247632184
226.46;0.03442541495413006
226.801;0.03439326535578289
227.143;0.03436668545542523
227.484;0.034382548117388494
227.825;0.034434907754086
228.167;0.03441076352558052
228.508;0.034450142622964995
228.849;0.034597322401386306
229.191;0.034768358417811854
229.532;0.034880719973269234
229.873;0.03497337711178135
230.215;0.03509062896166562
230.556;0.035150385831455064
230.897;0.03510685954989054
231.238;0.03498679553374661
231.58;0.034981207893051744
231.921;0.03500352085679133
232.262;0.03500266353820081
232.603;0.035033532450752254
232.944;0.03511722579671149
233.286;0.035219686103661635
233.627;0.035256391233938436
233.968;0.03526699154234282
234.309;0.03529092207121139
234.65;0.03526164602736864
234.991;0.03517751731880007
235.332;0.03511979745007791
235.673;0.03513669806730591
236.015;0.03515107229113777
236.356;0.035123015847251124
236.697;0.035075977331512645
237.038;0.03507345476858168
237.379;0.03506032222028163
237.72;0.03497493792554451
238.061;0.034915130050087
238.402;0.03491154654910017
238.743;0.03492070841702405
239.084;0.03491483701949998
239.425;0.034892222457027555
239.766;0.034925132705120064
240.107;0.034964320279245044
240.448;0.03494785260538521
240.789;0.03494181669946141
241.13;0.03497074870704909
241.471;0.03498873294271896
241.812;0.03496262177033849
242.153;0.034955338342383374
242.494;0.034979739716065154
242.834;0.035003238208781
243.175;0.03498474260600827
243.516;0.034964279353748545
243.857;0.03499045050314976
244.198;0.03500711988124235
244.539;0.03495958582427036
244.88;0.03489638304783577
245.22;0.03489318672623825
245.561;0.03488695365215889
245.902;0.034836000501798074
246.243;0.034786493150443
246.584;0.0347716218733519
246.924;0.03474789950002588
247.265;0.034684118121744184
247.606;0.034625826001683006
247.947;0.034625872370472155
248.287;0.03465551230850794
248.628;0.034643910434258116
248.969;0.03465914177507706
249.31;0.034713098010146735
249.65;0.034771005773266625
249.991;0.034769090439869976
250.332;0.03473263035856362
250.672;0.0347427092196936
251.013;0.03474473593898591
251.354;0.03468758811999935
251.694;0.03458654921803979
252.035;0.034537016767057546
252.375;0.03450574172439426
252.716;0.034476821208202155
253.057;0.034465002711065666
253.397;0.034506282828003186
253.738;0.03456382135443912
254.078;0.03457812461386325
254.419;0.03459290910067728
254.759;0.03461695524911356
255.1;0.03464911684286487
255.44;0.03465966191192916
255.781;0.03468709963488593
256.121;0.03475111739319053
256.462;0.03480313551367584
256.802;0.03478056893282
257.143;0.034750015529638134
257.483;0.034761573051133136
257.824;0.034753111452727
258.164;0.03471552954912858
258.505;0.03468226931747978
258.845;0.034697267403129006
259.185;0.03470991237353107
259.526;0.03465533600630749
259.866;0.034631037651978974
260.207;0.03464169027647372
260.547;0.034655411708395846
260.887;0.03461028993727803
261.228;0.034573886708139226
261.568;0.034547947604287144
261.908;0.03450319910192191
262.249;0.03438727400421735
262.589;0.034263459458643966
262.929;0.034239147798488995
263.269;0.034206338049706866
263.61;0.03416771567080083
263.95;0.034150476460610375
264.29;0.034176438950460464
264.63;0.03422092375553789
264.971;0.03422606464302956
265.311;0.03423222040219312
265.651;0.03431562928571115
265.991;0.034425087650959765
266.331;0.03448315478159189
266.672;0.03454739148122261
267.012;0.03463079461904285
267.352;0.034676063560665334
267.692;0.0346830753279971
268.032;0.034668096999484116
268.372;0.034674738118907915
268.713;0.03469417813295338
269.053;0.03469250069160536
269.393;0.03470641062273551
269.733;0.03476896877219934
270.073;0.034818999284457974
270.413;0.03479599572816535
270.753;0.0347612812301667
271.093;0.03475745933312265
271.433;0.03473778051981311
271.773;0.03470220537676733
272.113;0.03467572839496121
272.453;0.03474374072364856
272.793;0.034822594680047246
273.133;0.034868480628970445
273.473;0.03488730081326715
273.813;0.034925326849224156
274.153;0.034952152302560845
274.493;0.034926034880473994
274.833;0.03490613853706236
275.173;0.034925048737291034
275.513;0.03498031257221447
275.852;0.03500043430826201
276.192;0.035019363963221785
276.532;0.035072947433547455
276.872;0.03510655855596799
277.212;0.03506869975005703
277.552;0.0350221278454597
277.892;0.03502008822354781
278.231;0.03502835668586701
278.571;0.03497338779676319
278.911;0.03492417841527921
279.251;0.03490849155150781
279.591;0.03489538460684351
279.93;0.034838839884520925
280.27;0.03475046177883276
280.61;0.03473741864165439
280.95;0.0347331549306912
281.289;0.03469041621293006
281.629;0.03463801817077893
281.969;0.034646927328802
282.308;0.034655152043176665
282.648;0.0346209238126537
282.988;0.034591743228035536
283.328;0.03457526809484876
283.667;0.034564947107998074
284.007;0.03452200648440075
284.346;0.03446431171530576
284.686;0.034434939909833255
285.026;0.034414912725794874
285.365;0.03437597050304548
285.705;0.03437971639559602
286.044;0.03444928530437447
286.384;0.034527464695692886
286.724;0.034561462392692456
287.063;0.03460344781923349
287.403;0.03464247481622564
287.742;0.0346555691606755
288.082;0.034642813207584645
288.421;0.03463505621317001
288.761;0.03468000107727709
289.1;0.03473427020087174
289.44;0.03475950167668086
289.779;0.034765899863970245
290.119;0.0347875236463808
290.458;0.03478254988813346
290.797;0.03475039918096742
291.137;0.03472548069448501
291.476;0.03468322108727774
291.816;0.03462446689215261
292.155;0.03451012297015775
292.494;0.03440653005513198
292.834;0.03436173659520162
293.173;0.034308239814351306
293.512;0.03422898436471968
293.852;0.03416553674091809
294.191;0.034174320602408756
294.53;0.034177751792003434
294.87;0.03416483838663294
295.209;0.034148617979381284
295.548;0.034171795821840045
295.888;0.0342043134472506
296.227;0.03417772235790251
296.566;0.034170674705160005
296.905;0.03412195935288379
297.245;0.034050063335700785
297.584;0.03390966458948442
297.923;0.03377030329452421
298.262;0.03366155447255116
298.601;0.033550053864546056
298.941;0.0334460018985078
299.28;0.0333893389357729
299.619;0.033420064709888314
299.958;0.033421341565218844
300.297;0.033423940535850176
300.636;0.03341278652362241
300.975;0.033413764199461266
301.315;0.033385168264793146
301.654;0.03329682070202479
301.993;0.0332040825189334
302.332;0.033147448889497715
302.671;0.03309145897981736
303.01;0.03305170752089574
303.349;0.03303998579340616
303.688;0.03303349144128016
304.027;0.03301104380644865
304.366;0.032964371100135795
304.705;0.032931163890189366
305.044;0.03296271301271716
305.383;0.033009763322256365
305.722;0.03302910192977601
306.061;0.033076095084742504
306.4;0.03312817973436007
306.739;0.03317594210721772
307.078;0.033169891887450315
307.417;0.03317626920878459
307.755;0.0332359089469806
308.094;0.033292684001223156
308.433;0.03330920852725055
308.772;0.0333106550318683
309.111;0.03330233001978669
309.45;0.033284266049959835
309.789;0.0332187798122635
310.127;0.03313868569235873
310.466;0.03309689703076639
310.805;0.033051203915525
311.144;0.03296957488789795
311.483;0.03289214153007612
311.821;0.03284926088349953
312.16;0.032815528194210075
312.499;0.03279424431518427
312.838;0.032785124481575764
313.176;0.03284665566316184
313.515;0.03288098620742606
313.854;0.03286700823513793
314.192;0.03285462182113619
314.531;0.032876454162296155
314.87;0.03290982668705605
315.208;0.032933509142902724
315.547;0.03294289993152255
315.886;0.032997419950587144
316.224;0.03303636529818973
316.563;0.03299590036472564
316.902;0.032923994267371075
317.24;0.0328600616865161
317.579;0.032789791601004474
317.917;0.032687386634196146
318.256;0.03259964357931578
318.594;0.03254968473707688
318.933;0.03252979867544024
319.272;0.03248584247455901
319.61;0.032462420087138386
319.949;0.032498816058553676
320.287;0.032527850783089465
320.626;0.03250018817150537
320.964;0.032458489425043285
321.303;0.03244321796514156
321.641;0.03243014478905196
321.979;0.0324021869292431
322.318;0.0323947451417929
322.656;0.03242672892131804
322.995;0.03248315157276312
323.333;0.0324865658276696
323.671;0.032483180906062344
324.01;0.03248775579192135
324.348;0.03248853892044925
324.687;0.03247288229719251
325.025;0.03245805859851114
325.363;0.032477678543618806
325.702;0.03249145108201071
326.04;0.03247629967695217
326.378;0.03247190613337939
326.717;0.03251753836438461
327.055;0.03253475932946455
327.393;0.03251814781155666
327.731;0.032520804339967554
328.07;0.03251015111066251
328.408;0.03249207695986239
328.746;0.032443375417421205
329.084;0.032409351310372175
329.422;0.03241876185612825
329.761;0.03245034162237757
330.099;0.03245907901427738
330.437;0.03249877210900571
330.775;0.03257647541382171
331.113;0.03258904014605821
331.451;0.03254468446797837
331.79;0.03247605684561947
332.128;0.03244961746285325
332.466;0.03245729361429204
332.804;0.03245250613761499
333.142;0.032465828495545364
333.48;0.0325275853721725
333.818;0.03253601884690001
334.156;0.032455948818605244
334.494;0.03238202184845788
334.832;0.03234320280540485
335.17;0.03233628750531483
335.508;0.03233328502541626
335.846;0.032321557653030616
336.184;0.03233526315828169
336.522;0.032333928745171596
336.86;0.03228031694956386
337.198;0.03223440418738434
337.536;0.03224941184919654
337.874;0.032280456559939864
338.212;0.03227924814897418
338.55;0.03228696200025457
338.888;0.032336142048439334
339.226;0.032371847024094715
339.564;0.03236711891962811
339.901;0.032372844658673246
340.239;0.03241310577106854
340.577;0.032426733860602096
340.915;0.03238154556035203
341.253;0.0323113332342234
341.591;0.03227157885205204
341.928;0.03224749097170553
342.266;0.03217738267294733
342.604;0.03210628561016155
342.942;0.03206195039482996
343.279;0.03202978456740659
343.617;0.03195042287276681
343.955;0.03186009062502152
344.293;0.0318191027322573
344.63;0.03177116163795802
344.968;0.03171419385083538
345.306;0.03168256398613345
345.643;0.03169348504559664
345.981;0.031701688289205894
346.319;0.03168309379995024
346.656;0.03166960632880984
346.994;0.03170003524187303
347.332;0.031736871313578295
347.669;0.031719856488006605
348.007;0.031712814177755025
348.344;0.03175512670586293
348.682;0.031782659585639146
349.02;0.03178382061979854
349.357;0.03179169222576373
349.695;0.03184044638670041
350.032;0.031882727061466214
350.37;0.03188520668286636
350.707;0.031888841290322975
351.045;0.0319281467016534
351.382;0.03198193913393535
351.72;0.031991347764458826
352.057;0.03199948659577187
352.395;0.032038170967732954
352.732;0.03206740961413925
353.07;0.032046819855726535
353.407;0.032001900595255206
353.744;0.031966999311677693
354.082;0.031925158333995
354.419;0.03184337064446773
354.757;0.031756174237290644
355.094;0.03171769640804466
355.431;0.03171983804129266
355.769;0.03171627177739918
356.106;0.03172703407416041
356.443;0.03176810361631421
356.781;0.031779761133111
357.118;0.03173527098554265
357.455;0.03166259103341802
357.793;0.03164431769842803
358.13;0.031638148129429444
358.467;0.03162733623822417
358.804;0.03161410591226007
359.142;0.03165070157187381
359.479;0.03171063776791517
359.816;0.031749306717213786
360.153;0.03180629668071384
360.49;0.03189057578544198
360.828;0.03198028860664538
361.165;0.03202334575702585
361.502;0.03206619243342432
361.839;0.03212249200597475
362.176;0.03213919021335799
362.513;0.03211782367692545
362.85;0.03210259021927048
363.187;0.03212468272965821
363.525;0.03214436960710499
363.862;0.03215024211344793
364.199;0.0321684510361417
364.536;0.03226267937099367
364.873;0.032355540532178
365.21;0.03236704573758264
365.547;0.03236634587127176
365.884;0.03237251967394239
366.221;0.032356534638696484
366.558;0.03229170149531502
366.895;0.03223808687725925
367.232;0.0322221580893706
367.569;0.03223686213641565
367.906;0.032199198180220795
368.243;0.03213443065875614
368.58;0.03209735861023484
368.916;0.03203510276511587
369.253;0.03197845502344002
369.59;0.03196372335672491
369.927;0.032030847017488207
370.264;0.0321171382252599
370.601;0.03218695399743966
370.938;0.032256641549837275
371.275;0.03234422685003285
371.611;0.03240444529087767
371.948;0.03239366999069513
372.285;0.03238365846511111
372.622;0.03242600385457828
372.958;0.03245251843542429
373.295;0.03241984265212208
373.632;0.03238368618558288
373.969;0.032399909516084284
374.305;0.03243830448632011
374.642;0.032429397445133075
374.979;0.03241534397236001
375.316;0.032382845600077134
375.652;0.03234989533370356
375.989;0.032265092664865
376.326;0.032173503218123706
376.662;0.03212532775983584
376.999;0.032134643955186185
377.336;0.03215674856177978
377.672;0.03218902668231424
378.009;0.03225305119433378
378.345;0.03229820058512165
378.682;0.03233648477427211
379.019;0.03238264742390442
379.355;0.032455876039766636
379.692;0.032542394253001684
380.028;0.03259817126945885
380.365;0.03264975584176571
380.701;0.03272536478933829
381.038;0.03276363617667088
381.374;0.03278425426036566
381.711;0.03280096607598049
382.047;0.03283904261359697
382.384;0.03285526271844348
382.72;0.032825432365967064
383.056;0.032767667741283216
383.393;0.032758408498902145
383.729;0.032750728516998166
384.066;0.03269149843697405
384.402;0.03266569894349796
384.738;0.03270921927776126
385.075;0.03280058685992669
385.411;0.03287300704603042
385.748;0.032938906066751816
386.084;0.03303719973479082
386.42;0.03311690193762565
386.757;0.03312267898474398
387.093;0.03310344621902564
387.429;0.03314667382510707
387.765;0.03322859759695029
388.102;0.03330371574096999
388.438;0.033376015872230526
388.774;0.033460689615674936
389.11;0.03352161961582963
389.447;0.03349189409713736
389.783;0.033419005183056454
390.119;0.03336935197161902
390.455;0.03334328706722596
390.791;0.03329020800868476
391.128;0.03327008032533601
391.464;0.03329744436223873
391.8;0.033344501627096304
392.136;0.03335326764668332
392.472;0.0333571111152945
392.808;0.03341530828013965
393.144;0.03347525778200746
393.48;0.03351480894792033
393.816;0.03355342679074918
394.152;0.03362738037254944
394.489;0.033696255362318225
394.825;0.033733897646144234
395.161;0.03376850731035874
395.497;0.03384199337380241
395.833;0.033934192368517475
396.169;0.034002724330048334
396.505;0.03407365396118462
396.841;0.0341931098405788
397.176;0.03430014432777595
397.512;0.0343562011697954
397.848;0.03439914844630596
398.184;0.034470638131773694
398.52;0.035136534163716454
398.856;0.03497049166267448
399.192;0.034184933309424126
399.528;0.03237468237474893
399.864;0.031236689068283162
400.2;0.03067379545491661
400.535;0.03074089673769906
400.871;0.03149625157052213
401.207;0.03292247609273361
401.543;0.03499446583868594
401.879;0.03610276336296553
402.214;0.03659270697641155
402.55;0.03619675874505289
402.886;0.03638200417450541
403.222;0.03654502605134002
403.557;0.03676511974266769
403.893;0.037020306039228935
404.229;0.037248242305627725
404.565;0.03747681392523945
404.9;0.03774761803639696
405.236;0.038012338360815794
405.572;0.0382481399834734
405.907;0.03852966304665447
406.243;0.038863332248499576
406.579;0.039224654586567514
406.914;0.03957951513146357
407.25;0.039935560600525596
407.585;0.040328683158194704
407.921;0.04073498332253069
408.257;0.041090184778828635
408.592;0.041454259810144084
408.928;0.04190458945820848
409.263;0.04237200318262313
409.599;0.04282287655514106
409.934;0.04330629154387782
410.27;0.04384703398025821
410.605;0.044412652465598786
410.941;0.044954288509187285
411.276;0.04548735418931859
411.612;0.046065356266212866
411.947;0.04664525512898813
412.283;0.04719478162846262
412.618;0.04772733755431853
412.953;0.04830470276597414
413.289;0.04892731363405593
413.624;0.04955596111367353
413.96;0.05021584855695744
414.295;0.050962224174565154
414.63;0.051733711515543936
414.966;0.05248713932197136
415.301;0.05328331028143538
415.636;0.054104280781357525
415.972;0.05495725370912217
416.307;0.055827718052969495
416.642;0.05670040799789385
416.977;0.05761634349160499
417.313;0.058557384761386
417.648;0.059472624924863465
417.983;0.06041091269498325
418.318;0.06140242901258834
418.654;0.062402433237847325
418.989;0.06338156939115704
419.324;0.06440685841633266
419.659;0.06546154404420279
419.994;0.06652124828708367
420.33;0.06757712639924844
420.665;0.06866129925055535
421.0;0.06979767771353844
421.335;0.0709446204987135
421.67;0.07205671038513448
422.005;0.07315647524579848
422.34;0.07430319757762169
422.675;0.07541173863884598
423.01;0.07646878766373826
423.345;0.07753331113583657
423.681;0.0786225336490826
424.016;0.0797252083528686
424.351;0.08079007162754995
424.686;0.08187268185066282
425.021;0.08301937132112674
425.356;0.0841479601299394
425.691;0.08523677379142727
426.025;0.08633114434908677
426.36;0.08746131070474733
426.695;0.08855405472592515
427.03;0.0896038967305627
427.365;0.09060906452369935
427.7;0.09164043552118276
428.035;0.092666358589149
428.37;0.0936165184829179
428.705;0.0945720776189754
429.04;0.0955590082649379
429.374;0.09656219258271823
429.709;0.09753681039993134
430.044;0.0985003729905979
430.379;0.09947016038960317
430.714;0.10042014861805053
431.048;0.10132184193817716
431.383;0.10220143276854622
431.718;0.10312201693497214
432.053;0.10401926852830595
432.387;0.10489796988433724
432.722;0.10579842939146586
433.057;0.10672895845354186
433.392;0.10767829570451039
433.726;0.10860306697259568
434.061;0.10954906859399585
434.396;0.11054058823805755
434.73;0.11154174422371811
435.065;0.11250140296554591
435.4;0.11345107225736538
435.734;0.11445499111724669
436.069;0.11546993274552218
436.403;0.11649715323236891
436.738;0.11749794865029305
437.073;0.11849613703344859
437.407;0.11946839528410474
437.742;0.1204040166472455
438.076;0.1213272961507428
438.411;0.1222805379561621
438.745;0.12326142241442585
439.08;0.12425587982368476
439.414;0.125297665654416
439.749;0.1263747939778336
440.083;0.12745565529118213
440.418;0.12853765919197613
440.752;0.12965788004717635
441.086;0.13082532912694367
441.421;0.13200066906580382
441.755;0.13313333520320764
442.09;0.13425757361158175
442.424;0.135419848640093
442.758;0.1366076782139116
443.093;0.13776555838842772
443.427;0.1389350317682462
443.761;0.14016690110756816
444.096;0.14141942290396994
444.43;0.14263504522438739
444.764;0.14384530116387553
445.099;0.14509377365456302
445.433;0.14638228015138072
445.767;0.14764522938124475
446.101;0.14889022693439302
446.436;0.15017016941826164
446.77;0.15147479854466694
447.104;0.1527444519958287
447.438;0.15402720452912097
447.773;0.15536384313948884
448.107;0.15675008244360042
448.441;0.15816222960303222
448.775;0.1595868993595835
449.109;0.16107243924007042
449.443;0.16258875852118537
449.777;0.16410579974418693
450.112;0.16563504745012805
450.446;0.16724186993869783
450.78;0.16887577492497893
451.114;0.17050990762233534
451.448;0.1721913200539355
451.782;0.1739463181410743
452.116;0.17572489112862927
452.45;0.1774678854450784
452.784;0.1792383186941049
453.118;0.18107760092605757
453.452;0.1829548532490152
453.786;0.1848475707727717
454.12;0.18678355602169247
454.454;0.18879641396929325
454.788;0.1908257206400314
455.122;0.19280828636169534
455.456;0.1947822155939766
455.79;0.19683472107393032
456.123;0.19892518102062307
456.457;0.20104280592083032
456.791;0.20323755895126486
457.125;0.20552417198024514
457.459;0.2078790522654513
457.793;0.21021797221183186
458.127;0.21260876441861537
458.46;0.2150365046878101
458.794;0.21749913666441936
459.128;0.2199412382548264
459.462;0.22244308250198092
459.795;0.22500363810353152
460.129;0.2275910578662775
460.463;0.2301968068081639
460.797;0.2328144114430199
461.13;0.23552611316889416
461.464;0.23826142336215597
461.798;0.24101070235474975
462.131;0.2438024501181105
462.465;0.24669073437400527
462.799;0.24961210507939124
463.132;0.2525400089455638
463.466;0.25549196218582737
463.8;0.25849729971222685
464.133;0.2615269878082435
464.467;0.26455943222636935
464.8;0.2676255223419042
465.134;0.2707761282445952
465.468;0.2739793771376061
465.801;0.2771862723310725
466.135;0.28044039534589926
466.468;0.28376982530635886
466.802;0.28712929609327686
467.135;0.2904724619003039
467.469;0.29386883992493834
467.802;0.29733870562584397
468.136;0.3008352055592318
468.469;0.3043243118883895
468.802;0.3078445279453971
469.136;0.31142672919491743
469.469;0.31504571631688866
469.803;0.3186512329024077
470.136;0.3222889884973956
470.469;0.32598940274115773
470.803;0.3297189789212206
471.136;0.3334300313748322
471.469;0.33720435535164833
471.803;0.3410450658262821
472.136;0.34487836878604894
472.469;0.34870868529339005
472.803;0.35255140474621427
473.136;0.3564417821413187
473.469;0.36035935573846967
473.803;0.3642817228604005
474.136;0.3682405083317276
474.469;0.37227584927873597
474.802;0.37632966234171733
475.135;0.3803589775637751
475.469;0.3844105917381341
475.802;0.38850527072380386
476.135;0.39258860619002073
476.468;0.3966687723494998
476.801;0.4007585795882585
477.134;0.4048872794553224
477.468;0.40903700303218443
477.801;0.4131898328139102
478.134;0.4173617850842776
478.467;0.4215649771167079
478.8;0.4257776973304962
479.133;0.4299709319678636
479.466;0.4341942370673938
479.799;0.4384551438276588
480.132;0.442712175769979
480.465;0.44692357054200993
480.798;0.4511113525121796
481.131;0.45529657946126584
481.464;0.45943651297391286
481.797;0.4635408452358697
482.13;0.4676542353383801
482.463;0.47177374682666895
482.796;0.47590516319916454
483.129;0.48000438592296324
483.462;0.48407709396511417
483.794;0.4881543127832332
484.127;0.4922154091733679
484.46;0.4962373686926406
484.793;0.5002643037845915
485.126;0.5042877969011642
485.459;0.5082743724982454
485.792;0.5122383001674863
486.124;0.5161996516472837
486.457;0.5201350773290554
486.79;0.524046214535067
487.123;0.5279453429303028
487.455;0.5318327615934533
487.788;0.5357178436728379
488.121;0.5395705122549842
488.454;0.5433952288238212
488.786;0.5472438533419424
489.119;0.551122665050613
489.452;0.5549703206626446
489.784;0.5588247173894018
490.117;0.5627091266173352
490.45;0.5665882642179522
490.782;0.5704422016920934
491.115;0.5742781521081167
491.448;0.5781456184829036
491.78;0.5820276456654976
492.113;0.5858904858463522
492.445;0.5897371907974048
492.778;0.5936042079997471
493.11;0.5974705751318261
493.443;0.6013121927210979
493.775;0.6051545812418898
494.108;0.6090311357985465
494.44;0.6129509096955439
494.773;0.616853915932776
495.105;0.6207618177061242
495.438;0.6247206586183947
495.77;0.6287050508503178
496.103;0.6326774140103205
496.435;0.6366365303128779
496.768;0.6406235707066695
497.1;0.6446345994895144
497.432;0.6486411715261108
497.765;0.6526449423838344
498.097;0.65668218576162
498.429;0.660744239465647
498.762;0.6647802404622886
499.094;0.6688083211657365
499.426;0.6728313130961794
499.759;0.6768619770451909
500.091;0.6808752655000927
500.423;0.6848626805738608
500.756;0.6888738287059368
501.088;0.692902491539292
501.42;0.6969021169264646
501.752;0.7008843328493494
502.085;0.7048927380659443
502.417;0.7089235120904294
502.749;0.7129305941837063
503.081;0.7169076920002871
503.413;0.7208767383806424
503.745;0.724856667818214
504.078;0.7288226320853156
504.41;0.7327657769608587
504.742;0.736717836941726
505.074;0.7406936964092317
505.406;0.7446495487522403
505.738;0.7485757018858048
506.07;0.7525001386685586
506.402;0.756428590988452
506.734;0.7603280230992571
507.066;0.7641833679669504
507.398;0.7680193164677411
507.73;0.7718517200746022
508.062;0.7756567172070382
508.394;0.77941962649839
508.726;0.7832044084515883
509.058;0.7870135134555353
509.39;0.7908142993947022
509.722;0.7945899865131171
510.054;0.7983696982408264
510.386;0.8021575766211217
510.718;0.8059231237925674
511.05;0.8096624675580628
511.381;0.8133991969302643
511.713;0.8171378348821475
512.045;0.8208485808985441
512.377;0.824525543119181
512.709;0.8282045730854086
513.041;0.8318933010838853
513.372;0.8355525922597824
513.704;0.8391883803060851
514.036;0.8428377002770846
514.368;0.8464839393444509
514.699;0.8500801029419935
515.031;0.8536259606369906
515.363;0.8571626883174058
515.695;0.860693511335731
516.026;0.8641745073604612
516.358;0.8676146308095899
516.69;0.8710525215007194
517.021;0.8744865910004173
517.353;0.8778706363383642
517.685;0.8812053132297202
518.016;0.8845171314168487
518.348;0.8878173720229409
518.679;0.8910450630135266
519.011;0.8942135271497431
519.343;0.8973741015356855
519.674;0.9005190791745903
520.006;0.9036155074816444
520.337;0.9066674982596257
520.669;0.9097118246799688
521.0;0.9127468337961426
521.332;0.9157347237552058
521.663;0.9186591224433245
521.995;0.9215746972516711
522.326;0.9244967719562385
522.658;0.9273675180240545
522.989;0.9301952018006028
523.32;0.9330017723554292
523.652;0.9357832865270267
523.983;0.9385148988093546
524.315;0.9411544843670991
524.646;0.9437594988676862
524.977;0.9463187791259321
525.309;0.9488283114191277
525.64;0.9512589592130051
525.971;0.9536784571275249
526.303;0.9560489833510061
526.634;0.9583622192218747
526.965;0.9606065144810578
527.296;0.9627975698021618
527.628;0.9649562385400853
527.959;0.9670265111288138
528.29;0.9689913946167474
528.621;0.9708757956965683
528.953;0.9727414976549527
529.284;0.9745037419742135
529.615;0.9761902544686105
529.946;0.9778335686902254
530.277;0.9794554335163976
530.608;0.9810164626928206
530.939;0.982499794209324
531.271;0.9839325896929653
531.602;0.985358378247757
531.933;0.9867284246634853
532.264;0.9880068211514428
532.595;0.9892335921415971
532.926;0.9904156539420552
533.257;0.9915138098057362
533.588;0.9925137112132453
533.919;0.9934377119530171
534.25;0.9943149482569149
534.581;0.9951106866762176
534.912;0.9957974261844911
535.243;0.9964442972030512
535.574;0.9970723136639297
535.905;0.9976779767395806
536.236;0.9982107891050008
536.567;0.9986878754596319
536.898;0.9991226280169931
537.229;0.9994742354889258
537.559;0.9997044435235872
537.89;0.9998543999860643
538.221;0.9999614440494244
538.552;1.0
538.883;0.9999786198553359
539.214;0.9998976446276355
539.544;0.9997851515259396
539.875;0.9996092120100624
540.206;0.9993362097158945
540.537;0.9990058126385369
540.867;0.9986366365364076
541.198;0.9982068602573366
541.529;0.9976803086864674
541.86;0.9971092369291189
542.19;0.9965220982855313
542.521;0.995870377494834
542.852;0.9951171001853677
543.182;0.9943168403051151
543.513;0.993517144410461
543.844;0.9926763391569754
544.174;0.9917614674237681
544.505;0.99080272940481
544.835;0.9898256416431613
545.166;0.988819888796868
545.497;0.9877282059153494
545.827;0.9865706300612124
546.158;0.9853664138581132
546.488;0.9841603099412874
546.819;0.9829124659492963
547.149;0.9816226644528393
547.48;0.9803371570086618
547.81;0.9790134147681744
548.141;0.9776322167594595
548.471;0.9761793375420175
548.802;0.9746264616115528
549.132;0.9730656151886398
549.462;0.9715100415018625
549.793;0.9699426709903175
550.123;0.9683751668156975
550.454;0.9668179478433195
550.784;0.9652208106859823
551.114;0.9635791707808623
551.445;0.9619116764453313
551.775;0.9601866523531135
552.105;0.9584533972968147
552.436;0.9566641577741283
552.766;0.9548562729581216
553.096;0.953023356757711
553.426;0.9511567341772588
553.757;0.9492560539227862
554.087;0.9473608324844162
554.417;0.9454887895941169
554.747;0.9435948516639905
555.078;0.9416611349576774
555.408;0.939722791452622
555.738;0.9377732699445307
556.068;0.9357864975656744
556.398;0.9337629525193923
556.728;0.9317151187957462
557.058;0.9296635175071806
557.389;0.9275961513343158
557.719;0.925496648364922
558.049;0.9233973922589293
558.379;0.9212914477575082
558.709;0.9191626200570427
559.039;0.9169975813563102
559.369;0.9148306329670769
559.699;0.912662832299339
560.029;0.9104691554280193
560.359;0.9082540828885715
560.689;0.9060215301220313
561.019;0.9037950815041763
561.349;0.9015438387891559
561.679;0.8992719047075933
562.009;0.8969975959392168
562.339;0.894732791260588
562.669;0.8924324362361357
562.999;0.8901441589708323
563.328;0.8879002090583263
563.658;0.8856747444668186
563.988;0.8834385231226436
564.318;0.8811693155258827
564.648;0.8788619285737553
564.978;0.8765596972261703
565.307;0.8741993897766003
565.637;0.8717987258562122
565.967;0.8694462029199254
566.297;0.8671131820915406
566.626;0.8647496613856851
566.956;0.8623340376842995
567.286;0.8598933699982958
567.616;0.85741081083295
567.945;0.8549129231539314
568.275;0.852362227371383
568.605;0.8498210772088894
568.934;0.8473164095056832
569.264;0.8448034014685345
569.594;0.8422799604538291
569.923;0.8397615656738046
570.253;0.8372502836644308
570.582;0.8347027644463435
570.912;0.8321152171694276
571.242;0.8295039246371959
571.571;0.8268668338211087
571.901;0.8242188360577987
572.23;0.8215459594230803
572.56;0.8188685074992962
572.889;0.8161902618628039
573.219;0.8134809872406359
573.548;0.8107292943493605
573.878;0.8079741489993284
574.207;0.8052089974662033
574.537;0.8023976327817863
574.866;0.7995918992844052
575.195;0.7968076622568682
575.525;0.794024035382115
575.854;0.7912309892926584
576.184;0.7883842680033148
576.513;0.7855286310038369
576.842;0.7826732023615048
577.172;0.7797638861300714
577.501;0.7768208704739145
577.83;0.773896610992965
578.16;0.7709601849465553
578.489;0.7679802818098184
578.818;0.7649766447075579
579.147;0.7619500976937988
579.477;0.7589444927404481
579.806;0.755917385873961
580.135;0.7528576322550655
580.464;0.7497851180462004
580.793;0.7466953359994576
581.123;0.7435294248682902
581.452;0.7403090340387444
581.781;0.7370879154208124
582.11;0.7338533491484178
582.439;0.7305965531745006
582.768;0.7273163461029548
583.097;0.7240342226899952
583.427;0.7207260796326129
583.756;0.7173716183885512
584.085;0.7139529091550667
584.414;0.710523698802066
584.743;0.7070768537937446
585.072;0.7035697476046511
585.401;0.7000438725393341
585.73;0.6965299620328395
586.059;0.6930325003502837
586.388;0.6895300505956372
586.717;0.6860285667230285
587.046;0.6825607085890893
587.375;0.6791261320567626
587.703;0.6756714898341424
588.032;0.6721974721105743
588.361;0.6687583594002473
588.69;0.6653228886559023
589.019;0.6618676637993661
589.348;0.6583749212499244
589.677;0.6548973387744887
590.006;0.6514294166314601
590.334;0.6479261432259958
590.663;0.644400396481263
590.992;0.6408904166368632
591.321;0.6373972827751618
591.649;0.6338700440642373
591.978;0.6303312411789043
592.307;0.6268098308231713
592.636;0.6233460482033923
592.964;0.6198691243663661
593.293;0.6163988069729732
593.622;0.6129475285035998
593.95;0.6095218686894248
594.279;0.6060601373845568
594.608;0.6026152452078704
594.936;0.5992263106843153
595.265;0.5958597805516558
595.594;0.5924945749535383
595.922;0.5890900608192371
596.251;0.5857288288247454
596.579;0.5823599403351496
596.908;0.5789665200344519
597.236;0.5755539489198309
597.565;0.5721851364347285
597.893;0.5688129548538882
598.222;0.5654045771914344
598.55;0.561988616518327
598.879;0.5585834255005061
599.207;0.5552066761907286
599.536;0.5518195936970929
599.864;0.5484522444496931
600.193;0.5451505856642651
600.521;0.5418677363781521
600.849;0.5385833348464217
601.178;0.5353234394213557
601.506;0.5320868341318594
601.835;0.5288380479630593
602.163;0.5255404127789083
602.491;0.5222325419869596
602.819;0.5189876421274998
603.148;0.5157730641296814
603.476;0.5125599174154215
603.804;0.5093870564091757
604.133;0.5062586945218508
604.461;0.5031545207117777
604.789;0.5000562650712247
605.117;0.49697118945657964
605.446;0.49392467261495815
605.774;0.4909251148573234
606.102;0.48790090604015746
606.43;0.48488005744817847
606.758;0.48186146762104093
607.086;0.4788483012286036
607.414;0.47581908690065
607.743;0.47281892211508425
608.071;0.46984123580967513
608.399;0.4668740906420633
608.727;0.46392422369490577
609.055;0.46101176164353425
609.383;0.4581325643598888
609.711;0.4552364845025223
610.039;0.4523265175960151
610.367;0.44941155546049527
610.695;0.44652702173402997
611.023;0.4436577905143947
611.351;0.4407761911258683
611.679;0.4379421493819152
612.007;0.4351734278552331
612.335;0.4324465944814365
612.663;0.42966975448538786
612.991;0.42685735880102454
613.319;0.42407335664148454
613.646;0.42128428264362805
613.974;0.41850361732327707
614.302;0.41575768303240607
614.63;0.4130934991344276
614.958;0.41053514473993885
615.286;0.40795834030505285
615.613;0.40533245632129244
615.941;0.402692400120338
616.269;0.40005524096068784
616.597;0.39738447823874573
616.924;0.39471436901432533
617.252;0.392122482929168
617.58;0.3895596719900343
617.908;0.387039854797002
618.235;0.3845081680003634
618.563;0.3820363313151012
618.891;0.37957093081937515
619.218;0.3771144627668684
619.546;0.3746843311785763
619.873;0.37230988769962836
620.201;0.36994883794622524
620.529;0.36753580101846356
620.856;0.3651139415213525
621.184;0.362737213069117
621.511;0.36036834029617565
621.839;0.3579861665352676
622.166;0.35563933587185625
622.494;0.35336048477657467
622.821;0.35112074877898464
623.149;0.3488664482439238
623.476;0.3466113912927898
623.804;0.3444096344583589
624.131;0.3422261579142366
624.459;0.3400256866040839
624.786;0.337841309497435
625.114;0.3357084224110839
625.441;0.3335775302914845
625.768;0.3314410074888579
626.096;0.329325555268827
626.423;0.32724209539646704
626.75;0.3251985090539062
627.078;0.3231082818583747
627.405;0.321008981097222
627.732;0.31892083948918454
628.06;0.3168358948075549
628.387;0.3147194725726156
628.714;0.3126544293752851
629.041;0.31057980033801524
629.369;0.3084679360542467
629.696;0.3063189681710199
630.023;0.3041576170994461
630.35;0.3020399635715517
630.677;0.2999587094423308
631.005;0.29786438455626146
631.332;0.29580844304823073
631.659;0.29379249230239424
631.986;0.2917180467242466
632.313;0.2895881992128253
632.64;0.2874682273462755
632.967;0.2854194937657149
633.294;0.28341375131041113
633.621;0.2814280245477501
633.949;0.27944526911725764
634.276;0.27751548861713426
634.603;0.2755842013329671
634.93;0.2736059625249421
635.257;0.2716122525688169
635.584;0.26964062826856267
635.91;0.2676763943468838
636.237;0.265683184568871
636.564;0.2636938028368069
636.891;0.2617567373967026
637.218;0.2598617277427368
637.545;0.2579802944670245
637.872;0.25609978483743145
638.199;0.25426250039467874
638.526;0.25243279160405446
638.853;0.250578851996251
639.179;0.24874756787641647
639.506;0.24697055529941783
639.833;0.2452106548216463
640.16;0.2434369864423618
640.487;0.2416657421427322
640.813;0.23988186688413904
641.14;0.2380965156868271
641.467;0.23629442313899776
641.794;0.23449754788636046
642.12;0.2327955733160176
642.447;0.23112942700182823
642.774;0.22944369945038995
643.1;0.22777233342176742
643.427;0.2261284323325648
643.754;0.22445751436756772
644.08;0.222796250283668
644.407;0.2211677784090519
644.733;0.21956968766748589
645.06;0.21801681647470164
645.387;0.21642828869108555
645.713;0.2148473379708219
646.04;0.21330020783894357
646.366;0.2117801071830742
646.693;0.21025147356118407
647.019;0.20879075660715324
647.346;0.20738268728032117
647.672;0.2059664694452114
647.999;0.2045584285444631
648.325;0.20315214582723698
648.651;0.20179248531466423
648.978;0.20044813940512743
649.304;0.19912698293024667
649.631;0.19784300333767135
649.957;0.1966538205008219
650.283;0.19547831454153627
650.61;0.1942951457366383
650.936;0.19315011173274838
651.262;0.19202635092290238
651.589;0.19089307926959342
651.915;0.18971328258448483
652.241;0.18852240859725405
652.568;0.18733794519592364
652.894;0.18614331694959985
653.22;0.18488923685947778
653.546;0.18363238915745445
653.873;0.18241636887186408
654.199;0.18118474085184905
654.525;0.17993492789994853
654.851;0.17867594733442632
655.177;0.1774670414323142
655.503;0.176265182678936
655.83;0.1750605650834056
656.156;0.17387858069866508
656.482;0.17274499797126197
656.808;0.17161250359998143
657.134;0.17044596536451556
657.46;0.16928687456139593
657.786;0.168154058229436
658.112;0.16702368079498311
658.438;0.1658159794733715
658.764;0.16466998462752924
659.09;0.1635839298081935
659.416;0.16252389695172006
659.742;0.16142447138963045
660.068;0.16037645671849196
660.394;0.15934906023184991
660.72;0.1583300131513046
661.046;0.157260602711236
661.372;0.15615921625337442
661.698;0.15517020264076234
662.024;0.15416015150851717
662.349;0.15313579953608905
662.675;0.15211307278972033
663.001;0.15116001172177693
663.327;0.15021404558258064
663.653;0.14926137945575868
663.978;0.14833626304259942
664.304;0.14745675759128338
664.63;0.14660287170238126
664.956;0.14569812036061086
665.282;0.14478988359792272
665.607;0.14390011501994077
665.933;0.14300624350973187
666.259;0.1421004348587673
666.584;0.14119649073713478
666.91;0.14034254708884963
667.236;0.13948318565076032
667.561;0.13860959060723227
667.887;0.13774390446630416
668.213;0.13690074448474399
668.538;0.1360428086853173
668.864;0.13515265081110991
669.189;0.1343014355628589
669.515;0.1334938419545952
669.84;0.1327263480751803
670.166;0.13191841708357477
670.491;0.13110396069291488
670.817;0.130309642872189
671.142;0.12950753227243952
671.468;0.12865231570009075
671.793;0.12779263199891688
672.119;0.1269883381348109
672.444;0.12621137423662776
672.77;0.1254209254881488
673.095;0.12461114549067542
673.42;0.1238786987549204
673.746;0.12321205689108446
674.071;0.12254195490756147
674.397;0.12188403289612684
674.722;0.12126919998921652
675.047;0.12064833299081326
675.373;0.11999704927635442
675.698;0.11930276667490664
676.023;0.11861874296645276
676.348;0.11796124351580964
676.674;0.11726678078169624
676.999;0.11655561893298415
677.324;0.11587570460806702
677.649;0.1152242372328825
677.974;0.11455210520361059
678.3;0.11390231577378264
678.625;0.11330385528311097
678.95;0.11271548403614601
679.275;0.11209201121259477
679.6;0.11144257166552139
679.925;0.11079798844269677
680.25;0.11015356499059124
680.576;0.10947744181819494
680.901;0.10879792686967471
681.226;0.10817400920815287
681.551;0.10758789289556416
681.876;0.10697894701044379
682.201;0.10637151355426314
682.526;0.10582162618464708
682.851;0.10524971898268018
683.176;0.10466486107870805
683.501;0.1040566938868401
683.826;0.1034823133131794
684.151;0.10292497286632103
684.476;0.10236979300343316
684.8;0.1018065409391662
685.125;0.1012506699797167
685.45;0.10069366832742417
685.775;0.10010923086740747
686.1;0.09953147867796598
686.425;0.09899215633615388
686.75;0.09846279411105088
687.074;0.0979118364288194
687.399;0.09736282119564604
687.724;0.09682605861259794
688.049;0.0962678431060471
688.373;0.09567891724804331
688.698;0.09510239897240154
689.023;0.09455241795799174
689.348;0.09401599265748378
689.672;0.093445595969224
689.997;0.09289392148599344
690.322;0.09235753650617165
690.646;0.09182531745964903
690.971;0.09126697887420353
691.296;0.09067579072329826
691.62;0.09007767840175201
691.945;0.0894845677605283
692.269;0.08886645133853652
692.594;0.08827342285071095
692.919;0.08776431441190283
693.243;0.08727992920665417
693.568;0.08677896574806374
693.892;0.08625806875022864
694.217;0.08573147615306137
694.541;0.08521409521986542
694.866;0.08467547798605339
695.19;0.0841471171251924
695.514;0.08365228049567316
695.839;0.08317054597233588
696.163;0.08267430648534171
696.488;0.08215863283080159
696.812;0.08165860561854493
697.136;0.08118703684741643
697.461;0.08072265866586303
697.785;0.08027178085806962
698.11;0.07987272843788146
698.434;0.07946800471157453
698.758;0.07902596842385305
699.082;0.07860057621299361
699.407;0.07819701795612156
699.731;0.07781876506271611
700.055;0.07743227878598846
700.379;0.07704663400198197
700.704;0.07666044781196144
701.028;0.07630787526440433
701.352;0.07592679770532651
701.676;0.0755506790866438
702.0;0.075215135678502
702.325;0.07489779000406352
702.649;0.07455513301885724
702.973;0.07422099498823324
703.297;0.0738862551713676
703.621;0.07350307307407306
703.945;0.07311285300100072
704.269;0.072717864704379
704.593;0.07233332642080383
704.917;0.07193618812439172
705.241;0.07153963397392109
705.565;0.0711628960294982
705.889;0.07086838406046171
706.213;0.07057937253863618
706.537;0.07026111793512883
706.861;0.06992800989643407
707.185;0.06961433441245778
707.509;0.06925191222687177
707.833;0.06883790556978064
708.157;0.06843466342708845
708.481;0.0680804625286188
708.805;0.06774488867835887
709.128;0.06740108829929344
709.452;0.06706393397893584
709.776;0.06673648928302428
710.1;0.06642387947478452
710.424;0.06605776522476406
710.748;0.06568672983499176
711.071;0.06535880431489714
711.395;0.06505929973769253
711.719;0.06472945394491722
712.042;0.06443916828940745
712.366;0.06418487408802859
712.69;0.0639514083435248
713.014;0.06370465965456137
713.337;0.06341486621382852
713.661;0.06313803426088446
713.985;0.06285401857288193
714.308;0.06253998625083271
714.632;0.06219672526174703
714.955;0.061901673701127334
715.279;0.061590129568624086
715.603;0.06127436355786958
715.926;0.06096834094013582
716.25;0.060674746569115715
716.573;0.06039739236248353
716.897;0.06012245054250724
717.22;0.05987762545268117
717.544;0.05965286948040713
717.867;0.05943583179468896
718.191;0.059152071538233576
718.514;0.05884870938017761
718.837;0.05862167246668472
719.161;0.05840737457159447
719.484;0.05819556264841245
719.808;0.05802359038565313
720.131;0.05790505764836971
720.454;0.057773534392403424
720.778;0.05757830465383007
721.101;0.057325507357926714
721.424;0.05705007412958725
721.748;0.05678880858236453
722.071;0.056486820754898
722.394;0.056206817075975
722.717;0.05598088081641392
723.041;0.0557756211055426
723.364;0.055553647764625576
723.687;0.05536067548047135
724.01;0.05515453990349385
724.334;0.05491540537291421
724.657;0.05464570282290392
724.98;0.05438390816747643
725.303;0.05413486936433806
725.626;0.053890888992888075
725.949;0.053614110868060096
726.272;0.05334880720411353
726.595;0.053134518381177685
726.919;0.0528876171792187
727.242;0.05263595460822698
727.565;0.05239657664150433
727.888;0.05221583543590825
728.211;0.052005623336753286
728.534;0.05177266996736949
728.857;0.051552192221505685
729.18;0.05134243625011346
729.503;0.05112655496167578
729.826;0.05087817913142041
730.148;0.050636793396127984
730.471;0.050426839550968196
730.794;0.050245042447402
731.117;0.05002093886383083
731.44;0.049800566052552876
731.763;0.049615952246649817
732.086;0.049425859363499525
732.409;0.04923515088427252
732.731;0.049045784176680846
733.054;0.04890052961022431
733.377;0.048772259326419654
733.7;0.048608026417774744
734.022;0.04843713101974236
734.345;0.04825357936151577
734.668;0.04804336363349905
734.991;0.047794907161871264
735.313;0.04754976444583958
735.636;0.04734383279073259
735.959;0.04715541795374059
736.281;0.046963086970100536
736.604;0.0467870164119932
736.927;0.046662513390702785
737.249;0.046540419631215094
737.572;0.046385439614443184
737.894;0.04624437557690436
738.217;0.04615854684740349
738.54;0.04603092068656104
738.862;0.04582751492084162
739.185;0.045601920580699576
739.507;0.04538519336426522
739.83;0.04514428613471638
740.152;0.044876139660788635
740.475;0.044621252039710485
740.797;0.04447958702234372
741.119;0.044397502370962516
741.442;0.04427922718206226
741.764;0.04418185564811686
742.087;0.04412328884338088
742.409;0.044047866278180296
742.731;0.04388736182338916
743.054;0.04370358991341415
743.376;0.043531368972822636
743.698;0.043355716237826136
744.021;0.04315080227683907
744.343;0.04296488974163321
744.665;0.04283556285424645
744.988;0.04272018631947778
745.31;0.04258658846340431
745.632;0.04244504420649274
745.954;0.04235505922065742
746.277;0.04226027224269803
746.599;0.0421242472829182
746.921;0.04200180575751196
747.243;0.04190474570086751
747.565;0.04177559824053438
747.887;0.04162035896175015
748.21;0.041457614692840095
748.532;0.04133918648693567
748.854;0.041221414298595875
749.176;0.04107068629978816
749.498;0.040924049741811803
749.82;0.040834818752808595
750.142;0.040744964305194885
750.464;0.04060583787823185
750.786;0.040484349433045866
751.108;0.040426346009097947
751.43;0.04039479093926893
751.752;0.04032407279013181
752.074;0.040246696788486115
752.396;0.040203666955370546
752.718;0.04015372645904387
753.04;0.04005116877763652
753.361;0.039924928237175646
753.683;0.039814527275085186
754.005;0.03972908925303367
754.327;0.0395931315279981
754.649;0.0394575184440279
754.971;0.03934521192630719
755.293;0.039246059024445064
755.614;0.03911916357523843
755.936;0.03898863321617005
756.258;0.03891814721338377
756.58;0.038883842071151864
756.901;0.038825701859275974
757.223;0.03875558872203542
757.545;0.03872136573320166
757.866;0.03864105821606512
758.188;0.03851816449416304
758.51;0.03838495532950463
758.831;0.03828177539910736
759.153;0.03818949999669194
759.475;0.03804647546658791
759.796;0.03792882242587586
760.118;0.03785549956040963
760.439;0.037817244704558384
760.761;0.03774268157478435
761.082;0.037670427106700946
761.404;0.03765424812895437
761.726;0.03764854335666606
762.047;0.03758273525909206
762.368;0.03747914929938467
762.69;0.03744914466074211
763.011;0.03739850984219891
763.333;0.037317500341915485
763.654;0.03723651836050038
763.976;0.037164588776346104
764.297;0.037096735512765856
764.618;0.03696606393049403
764.94;0.03681371362887668
765.261;0.03668983205016246
765.583;0.03661984985435038
765.904;0.03648401944188151
766.225;0.03634363591672419
766.546;0.03624270436859166
766.868;0.03614640385287369
767.189;0.03599343351990416
767.51;0.03581950328462252
767.831;0.03565561602506014
768.153;0.03551861611108778
768.474;0.03539738007339747
768.795;0.03527102784463579
769.116;0.03519316799475558
769.437;0.035124737943759116
769.759;0.03501726325547028
770.08;0.03491615661475789
770.401;0.03485333315517881
770.722;0.03478306014641743
771.043;0.034723168202329194
771.364;0.03466606201445114
771.685;0.03466525015743432
772.006;0.03465219562966209
772.327;0.0346014219063549
772.648;0.03452342688137418
772.969;0.034507913094148336
773.29;0.03449596607482456
773.611;0.03446539503134248
773.932;0.0344427943795068
774.253;0.03441398726524465
774.574;0.034387031475289806
774.895;0.03430048604559156
775.216;0.034212403692136746
775.537;0.03415496798345064
775.858;0.034101151157153536
776.178;0.03401223608072679
776.499;0.03392804064142253
776.82;0.033849373974611276
777.141;0.03374875309736599
777.462;0.03361453107707001
777.782;0.03348324964441926
778.103;0.033413936671196534
778.424;0.033387089747094444
778.745;0.03333255017249704
779.065;0.03332419864956424
779.386;0.033384354794948876
779.707;0.03343863561154254
780.027;0.03345670956073923
780.348;0.033439131455181195
780.669;0.033440204892649796
780.989;0.03342850786158051
781.31;0.0333710447348278
781.631;0.033281010759358735
781.951;0.0332275255707057
782.272;0.03318342371134555
782.592;0.03311623200942428
782.913;0.03307493223615223
783.233;0.03309388729314431
783.554;0.03307556940379605
783.874;0.03299234095534881
784.195;0.03288171399581214
784.515;0.032762626748291626
784.836;0.03262518471799498
785.156;0.03247853283815786
785.477;0.032360560961619614
785.797;0.03232799495138562
786.117;0.0323477974484001
786.438;0.032309023463713914
786.758;0.03228835528156652
787.079;0.03228785480104895
787.399;0.03226294931798784
787.719;0.032199768717930656
788.039;0.03211991803416887
788.36;0.03203593246403633
788.68;0.03195327052123033
789.0;0.03184057410247398
789.321;0.031719560433368106
789.641;0.03163812867469835
789.961;0.03156191259839317
790.281;0.0314850309283604
790.601;0.0314208644875254
790.922;0.03139856392239684
791.242;0.031399921822306644
791.562;0.03137257361127326
791.882;0.03133719220912472
792.202;0.03132142379676546
792.522;0.03126383315584261
792.842;0.031175693446211655
793.162;0.03104326186598679
793.482;0.03095356678588532
793.802;0.03093131581520079
794.122;0.03093557680451766
794.442;0.030963512790354253
794.762;0.031035132006026436
795.082;0.031117159603636656
795.402;0.03112560870263007
795.722;0.03109569962401383
796.042;0.031035199341572405
796.362;0.03100714330089262
796.682;0.030955228804570863
797.002;0.03091376976458829
797.322;0.03090780976235628
797.642;0.030896019993708716
797.962;0.030846830167757543
798.281;0.030795891230438615
798.601;0.030764806501414232
798.921;0.030742610770069807
799.241;0.03070623385017875
799.561;0.030654142547647964
799.88;0.03066258469132301
800.2;0.030666083418067095
800.52;0.030631055729138313
800.839;0.03057833038381689
801.159;0.030560352801060238
801.479;0.030534236689395693
801.799;0.03046564555725782
802.118;0.030414517415118855
802.438;0.030364518857004037
802.757;0.030332134592263135
803.077;0.030273199155653487
803.397;0.030218463824124537
803.716;0.03023007789538194
804.036;0.030250572698578632
804.355;0.03025470073043273
804.675;0.03027217380060319
804.994;0.03032133842612548
805.314;0.03029534388132986
805.633;0.030222462124170752
805.953;0.03012011038066822
806.272;0.030042443364469807
806.592;0.02998505029490938
806.911;0.02990802629285429
807.231;0.029877576009827406
807.55;0.02990780835954533
807.869;0.02994170081955389
808.189;0.02993853947615166
808.508;0.029938283439794232
808.827;0.029957362684499837
809.147;0.029973670486838848
809.466;0.02995005597134844
809.785;0.02992473316918506
810.105;0.02993971180010319
810.424;0.029934335137398915
810.743;0.029881405366198405
811.062;0.029829747107837503
811.382;0.029783064724559966
811.701;0.029735528953958805
812.02;0.029664817356933194
812.339;0.02960312620302458
812.658;0.029590269952226786
812.977;0.02960913529569205
813.296;0.029613727116239264
813.616;0.029620865087318874
813.935;0.029664500839546453
814.254;0.029677858679680688
814.573;0.02966524505861216
814.892;0.029652767015851005
815.211;0.029648732527988914
815.53;0.029620910750496006
815.849;0.02955472293285963
816.168;0.029473255591184286
816.487;0.029419572831168826
816.806;0.02937118710050238
817.125;0.02928672000057479
817.444;0.02922076352287554
817.763;0.029202611149944168
818.082;0.029179818571642133
818.4;0.029118244851732103
818.719;0.029050778767541183
819.038;0.02900773824944377
819.357;0.028980474107041135
819.676;0.02893470932178
819.995;0.02889384773356533
820.313;0.028912074699766185
820.632;0.028934482618721787
820.951;0.028906982902709977
821.27;0.028860223103714912
821.588;0.02882480601775907
821.907;0.028781655020981442
822.226;0.02871144682772315
822.545;0.028652784866167715
822.863;0.028617961502316304
823.182;0.028619298939477858
823.501;0.0285876364150201
823.819;0.02858005310196131
824.138;0.028574388045548918
824.456;0.02855787672454626
824.775;0.028474744440935628
825.093;0.028393408141490467
825.412;0.028337144857557617
825.731;0.028257195690519765
826.049;0.02817461438908618
826.368;0.028101751582649593
826.686;0.028110540988234616
827.005;0.028083387929322485
827.323;0.028053359098268206
827.641;0.02801796922877555
827.96;0.02802894472116512
828.278;0.02805335224375155
828.597;0.028054453502493637
828.915;0.028063852758457575
829.233;0.028106273950814813
829.552;0.02814459392457429
829.87;0.02811300448136028
830.188;0.028090259582269687
830.507;0.02808475278455067
830.825;0.02806016533090203
831.143;0.02802085185543436
831.462;0.02799062021132845
831.78;0.028010678039088348
832.098;0.028067703283188836
832.416;0.02809267630339935
832.735;0.02813329223783329
833.053;0.02820079662667611
833.371;0.02823941870317701
833.689;0.02824833149006183
834.007;0.028284448946337123
834.325;0.028303372653995677
834.643;0.028309601292799556
834.961;0.028289039960470618
835.28;0.028242530956143777
835.598;0.028221526902680264
835.916;0.028188262638962843
836.234;0.0281450056995822
836.552;0.028152917122225014
836.87;0.028223485883219736
837.188;0.02825754708530008
837.506;0.028245810741561746
837.824;0.028223618034268785
838.142;0.02820423577960632
838.46;0.028170642801494578
838.777;0.028128876921089955
839.095;0.028126159508442886
839.413;0.028163276413727595
839.731;0.028205234926210583
840.049;0.028203801727419278
840.367;0.028188147825808862
840.685;0.028195118869247564
841.002;0.028185343018074436
841.32;0.028156125136821537
841.638;0.028151719597844606
841.956;0.028185362573607247
842.273;0.028218230686582663
842.591;0.028202507433391966
842.909;0.0281723313310313
843.227;0.028132964329852694
843.544;0.028060791208753707
843.862;0.027929418651352126
844.18;0.027800261514054306
844.497;0.02773456661680684
844.815;0.027675802845518727
845.132;0.027619257518385846
845.45;0.027572647611541764
845.768;0.027573680929927593
846.085;0.027559307411707746
846.403;0.02751282643025782
846.72;0.027457373390514347
847.038;0.027417696323258783
847.355;0.02740194484558774
847.673;0.027345669667052458
847.99;0.027320722552882835
848.308;0.02732800053754531
848.625;0.027340835015172548
848.943;0.027341020792734257
849.26;0.027333713978781145
849.577;0.027352293952589764
849.895;0.027349865639262814
850.212;0.02730525563845471
850.529;0.027258891082986212
850.847;0.027256148671513696
851.164;0.027238826501511375
851.481;0.027195792636327185
851.799;0.027155195451012335
852.116;0.02715041825611027
852.433;0.02717918515048792
852.75;0.027177202783950444
853.068;0.027175337145799547
853.385;0.027218390364913116
853.702;0.027272217170580062
854.019;0.027281210195630443
854.336;0.027250166896111132
854.653;0.027211071152348994
854.971;0.027167177952539975
855.288;0.027095150792325072
855.605;0.02702900400098691
855.922;0.02700334179944737
856.239;0.027002989497451616
856.556;0.027017706346314535
856.873;0.027045976590639804
857.19;0.027127467519916577
857.507;0.027174544037901815
857.824;0.027148877703491933
858.141;0.027079912798592898
858.458;0.027037741796093587
858.775;0.026992708125675138
859.092;0.02690410472815278
859.409;0.02683260466010835
859.726;0.02682663488010993
860.043;0.026854587599031306
860.359;0.02684581744657395
860.676;0.02684304852425025
860.993;0.026849704763931375
861.31;0.026851519094009072
861.627;0.026804580674374103
861.944;0.026743312282860393
862.26;0.026722954065988236
862.577;0.026707608113618737
862.894;0.026661430746935968
863.211;0.026647514465297735
863.527;0.026694437059063367
863.844;0.02671387636749682
864.161;0.02669028362517696
864.477;0.026654407085001764
864.794;0.026635239235588214
865.111;0.026649861431640255
865.427;0.026652967838107524
865.744;0.026683790583473265
866.06;0.02676037952532416
866.377;0.026869018473427285
866.693;0.026911679170660608
867.01;0.02691480462865211
867.327;0.026922781572410022
867.643;0.026880465213836923
867.96;0.02684424312538091
868.276;0.02682443931794413
868.593;0.02683723085404056
868.909;0.026849283614363922
869.225;0.026852630130517568
869.542;0.026822301414359602
869.858;0.026809220073331044
870.175;0.026772782269203814
870.491;0.026687031661032472
870.807;0.026629951379195313
871.124;0.02661441551639377
871.44;0.02659785833061055
871.756;0.026577138235579664
872.073;0.02657086242157292
872.389;0.026585372526117302
872.705;0.026606714366129533
873.021;0.02657186731387497
873.338;0.02654539859780953
873.654;0.026552226099605326
873.97;0.026560274410977826
874.286;0.026533166007225672
874.602;0.026522597451361672
874.918;0.026541787678756066
875.235;0.026588891917213073
875.551;0.026619138883179745
875.867;0.02666400754118988
876.183;0.026723246592566682
876.499;0.026765142406382617
876.815;0.026737076184729567
877.131;0.026672975164207947
877.447;0.026619168821289254
877.763;0.02655276811042969
878.079;0.026465699923034748
878.395;0.02638811364901047
878.711;0.026358305573713183
879.027;0.02631788499300393
879.343;0.026251338119656863
879.659;0.026165478141624177
879.975;0.026130880472813818
880.291;0.026123797438669168
880.607;0.026099773466610306
880.922;0.02609940997562413
881.238;0.026156584507065303
881.554;0.02622210834380153
881.87;0.02625646670933924
882.186;0.026273653905844477
882.501;0.026316010585103782
882.817;0.02637457204734884
883.133;0.026393110692454095
883.449;0.02640737695764862
883.764;0.02643627025737754
884.08;0.026465860399365868
884.396;0.026449199891824236
884.711;0.02641933163790278
885.027;0.02642751068910031
885.343;0.026447293025771687
885.658;0.02643751979544316
885.974;0.026402361366689348
886.29;0.026401999589332335
886.605;0.02642925969966635
886.921;0.02645087874439627
887.236;0.02647832130583538
887.552;0.026539606027227006
887.867;0.026608491701977634
888.183;0.026632455394610618
888.498;0.026647889346877767
888.814;0.02666837195306688
889.129;0.02668601920860176
889.445;0.02670029948523475
889.76;0.026703435225001237
890.075;0.026757810593604058
890.391;0.026796048413965382
890.706;0.026789437837461388
891.021;0.026760074499332986
891.337;0.026773262286973135
891.652;0.02675274329136472
891.967;0.026684140063020983
892.283;0.026620113434165416
892.598;0.0266100752969285
892.913;0.026623230727217968
893.229;0.02661768199598529
893.544;0.02663891083727442
893.859;0.026691411293968514
894.174;0.026757529457619462
894.489;0.026777032472737126
894.804;0.026762855417060836
895.12;0.026777578011621533
895.435;0.026775223283546916
895.75;0.02669451860765122
896.065;0.026609189149047335
896.38;0.026533589172827436
896.695;0.02645553900930832
897.01;0.026380806331048785
897.325;0.026319742365414154
897.64;0.026300355574674493
897.955;0.02631369607691366
898.27;0.026311490837783166
898.585;0.02629884818582056
898.9;0.026345117786073038
899.215;0.026399592746770797
899.53;0.026414403845237727
899.845;0.026417250183278947
900.16;0.02641997535765811
900.475;0.026408634055842907
900.79;0.026342429101914894
901.104;0.026278158129700902
901.419;0.02624401285898981
901.734;0.026241896325368975
902.049;0.026238250428120228
902.364;0.02622711163695151
902.678;0.026242995971283614
902.993;0.026285300737659428
903.308;0.026297806803297498
903.623;0.02629918758519673
903.937;0.026333113612176558
904.252;0.026372013901412295
904.567;0.026376228622741745
904.881;0.026373238339850755
905.196;0.026388312631596918
905.511;0.02640067112352346
905.825;0.026395941305427693
906.14;0.026386563217824014
906.454;0.02640151725312356
906.769;0.026408622967654203
907.084;0.02637543299480112
907.398;0.026352366235832862
907.713;0.026386947373161874
908.027;0.02642175229029935
908.342;0.026399968132359404
908.656;0.026419215111119637
908.97;0.026495967452551394
909.285;0.026575306970813763
909.599;0.026623247661906175
909.914;0.026662316390808558
910.228;0.026750396526625635
910.542;0.026864735408534717
910.857;0.026914424404581163
911.171;0.026930869801261866
911.485;0.026995506885306636
911.8;0.02707592004264104
912.114;0.02712364239721763
912.428;0.027144787976289737
912.743;0.027181201991212104
913.057;0.02719298561095502
913.371;0.027174064524141072
913.685;0.027161992913896905
913.999;0.027177361546652394
914.314;0.027175542478894067
914.628;0.027170033967545887
914.942;0.02717457568964049
915.256;0.02720188015272933
915.57;0.027221351818513467
915.884;0.02718681170748267
916.198;0.027153493817252593
916.512;0.02716981250617688
916.827;0.027180074826429125
917.141;0.027152660287866934
917.455;0.027140408645758844
917.769;0.027198879184856497
918.083;0.02728444613230216
918.397;0.02733179108525583
918.711;0.027369745652796536
919.024;0.027413057226706988
919.338;0.027443298043769014
919.652;0.027412902395271943
919.966;0.02734526777061267
920.28;0.027306867760291068
920.594;0.0272851607156635
920.908;0.02725857758965094
921.222;0.027225656454973157
921.535;0.027256857105970395
921.849;0.02728691395990159
922.163;0.02729093887160071
922.477;0.0273084147642192
922.79;0.027353257415386734
923.104;0.02739726351311714
923.418;0.027405332287237887
923.732;0.027375646585223245
924.045;0.027335359264381912
924.359;0.027311062422079126
924.673;0.02723862197483058
924.986;0.027188735810628573
925.3;0.027223869946168943
925.614;0.027267013483619623
925.927;0.02731072433312526
926.241;0.02737299267765696
926.554;0.027440439206315073
926.868;0.027491345685481602
927.181;0.02751364020250724
927.495;0.0275321931614561
927.808;0.027593624146136947
928.122;0.02768786820605653
928.435;0.027690543886793373
928.749;0.02766901768044345
929.062;0.027636113682057307
929.376;0.027574566271395033
929.689;0.02745589785500252
930.002;0.02735229203735717
930.316;0.027321832077365594
930.629;0.02731325707702949
930.942;0.027317726020285486
931.256;0.027288347965106617
931.569;0.027269674951314573
931.882;0.027231539545496224
932.195;0.027180287316445447
932.509;0.027150929925618267
932.822;0.027180343059794134
933.135;0.027228704900454002
933.448;0.027260893609866794
933.762;0.027319384813316132
934.075;0.02737280831131927
934.388;0.027416397089947413
934.701;0.027423432747285766
935.014;0.02743631268648671
935.327;0.02748389200342897
935.64;0.027524073784874155
935.953;0.027513562786789715
936.266;0.02750749482592038
936.58;0.027530255248475164
936.893;0.027509804798033305
937.206;0.02746296718011386
937.519;0.02742039145872672
937.832;0.027389018537597655
938.144;0.027356400614480168
938.457;0.027294307362528334
938.77;0.02725689450340685
939.083;0.02725494247818575
939.396;0.02728615835024203
939.709;0.027292586072434066
940.022;0.02731855219114591
940.335;0.027392617259643544
940.648;0.027457982434479538
940.96;0.02745844914642241
941.273;0.027461260203863195
941.586;0.027515305950856255
941.899;0.027561807697459577
942.211;0.02757737369997406
942.524;0.027594714316690326
942.837;0.027650999474595442
943.15;0.027718268491432517
943.462;0.027723627513836578
943.775;0.02768688569173533
944.088;0.027679371327049958
944.4;0.027650347690702872
944.713;0.0276070541602995
945.025;0.027580175382855305
945.338;0.02761585505728009
945.651;0.027677196630839267
945.963;0.02769361108139331
946.276;0.027691285585816194
946.588;0.027682447593804286
946.901;0.027681873225629237
947.213;0.027629334262679814
947.526;0.02759783271856174
947.838;0.02762289585550593
948.151;0.02765586214935227
948.463;0.027648419656290064
948.775;0.027632958084352864
949.088;0.027667188431711856
949.4;0.027672584649948945
949.713;0.02766541704316497
950.025;0.02764277859068597
950.337;0.027653113286569955
950.65;0.027659825672806632
950.962;0.027649008035903574
951.274;0.027643005596149326
951.586;0.02769662202863598
951.899;0.027756834723783014
952.211;0.02779098100251126
952.523;0.027818129928553054
952.835;0.027872921305835838
953.147;0.027918870155029515
953.46;0.027906624258619214
953.772;0.02791221956024446
954.084;0.027961888799154663
954.396;0.027998069861312456
954.708;0.028009736248660218
955.02;0.028028926173649465
955.332;0.02805687536451079
955.644;0.028056575882613972
955.956;0.027985028840970105
956.268;0.027887553178852564
956.58;0.027833725163565033
956.892;0.02779916005370879
957.204;0.02774316359191693
957.516;0.027712890115099073
957.828;0.02775169796916168
958.14;0.027805251904584705
958.452;0.02783106339346494
958.764;0.027864795578745816
959.076;0.02795167798857905
959.388;0.028051131783562014
959.699;0.028108495116616367
960.011;0.028147215978798473
960.323;0.028203333100243814
960.635;0.028256832804343886
960.947;0.028263193896601962
961.258;0.02824342456335189
961.57;0.028257334897688908
961.882;0.02825773397168066
962.194;0.028193409473755725
962.505;0.02813044136371487
962.817;0.028093099065794252
963.129;0.028084166320169756
963.44;0.028064993229067
963.752;0.0280776274136855
964.063;0.028138314582507505
964.375;0.02819762399348174
964.687;0.028220014574542273
964.998;0.028226359740129294
965.31;0.028251778001517274
965.621;0.02825504206186762
965.933;0.028220488342605227
966.244;0.028177545602171873
966.556;0.028171669164562034
966.867;0.02816032645152281
967.179;0.028101642111986534
967.49;0.028058339207023615
967.801;0.028042303670118226
968.113;0.02801944758673541
968.424;0.027984350647028068
968.736;0.02795576428852292
969.047;0.027964483838519082
969.358;0.02798303437822677
969.67;0.027964064805787656
969.981;0.027953887058174736
970.292;0.027971332710278574
970.603;0.027970873256059223
970.915;0.02794412189198345
971.226;0.027965882865528827
971.537;0.02799863626615198
971.848;0.028007438171149725
972.16;0.027969233615354524
972.471;0.027920750409429165
972.782;0.02790489520679285
973.093;0.027883189573389294
973.404;0.02782472457838599
973.715;0.027767754271220465
974.026;0.02777730956824003
974.337;0.027752094926317406
974.648;0.027659144958821703
974.959;0.02755863254422232
975.27;0.02751717884673067
975.581;0.027505194329168717
975.892;0.027515164526049376
976.203;0.027530104449108746
976.514;0.02757770291837696
976.825;0.027628820980344374
977.136;0.027642698755727276
977.447;0.027626131892979366
977.758;0.027625384851465627
978.069;0.02763172275932913
978.38;0.027619322434690646
978.691;0.02762327859961977
979.001;0.02764594154691565
979.312;0.02766948509799833
979.623;0.027659451396036892
979.934;0.0276662399883705
980.244;0.027707360838597497
980.555;0.02773562503481983
980.866;0.02772585583655993
981.177;0.027717708840307935
981.487;0.02773429243614062
981.798;0.027768968427883938
982.109;0.027768148506729876
982.419;0.027769268615392768
982.73;0.02782251419836801
983.04;0.02788122010947141
983.351;0.02790780404189769
983.662;0.027909805863166263
983.972;0.027927421366160755
984.283;0.02791072315877752
984.593;0.027852938877759144
984.904;0.027784888446023337
985.214;0.027741068529061504
985.525;0.02770815414809866
985.835;0.02766921787265048
986.146;0.027653419018173142
986.456;0.02767902587957086
986.766;0.027709174866270045
987.077;0.02768623753670452
987.387;0.027656102359840357
987.698;0.027625780901405914
988.008;0.027611464235353624
988.318;0.027590914394420255
988.628;0.02757577085189553
988.939;0.02759661513463994
989.249;0.02761625413127184
989.559;0.02759779602673729
989.87;0.027549953516515794
990.18;0.027511490101915132
990.49;0.027445296538580972
990.8;0.02738034807803695
991.11;0.027327577573546973
991.42;0.027318475380238683
991.731;0.027348119148739667
992.041;0.027353334831104255
992.351;0.02738064332626172
992.661;0.027413611636142365
992.971;0.027458067712730867
993.281;0.02746776292253158
993.591;0.027458514869140926
993.901;0.027454226764162582
994.211;0.02746927857712618
994.521;0.027477042224454042
994.831;0.027464922531791572
995.141;0.02747667712064042
995.451;0.02745986883778383
995.761;0.027432802770752197
996.071;0.027392891339508046
996.381;0.027362872891030465
996.691;0.02731606944489258
997.0;0.027243554908383122
997.31;0.02718204247591613
997.62;0.027125318628945058
997.93;0.027099654411371205
998.24;0.027059764753297605
998.549;0.027049727724879558
998.859;0.02708826341431025
999.169;0.027112707830324562
999.479;0.027112907720126443
999.788;0.02710631720316384
1000.098;0.027126960084080637
1000.408;0.027146386086687638
1000.717;0.0271570037329871
1001.027;0.02714483091782055
1001.337;0.02713157418180698
1001.646;0.02713004582619622
1001.956;0.027053893557376973
1002.265;0.026982572412377594
1002.575;0.02695000519252301
1002.884;0.026920398821458486
1003.194;0.02688291560273957
1003.503;0.02687682365106194
1003.813;0.02690521929272132
1004.122;0.026907420499783192
1004.432;0.026890030288622892
1004.741;0.026859233348496325
1005.051;0.026849287948837685
1005.36;0.026850320964818368
1005.67;0.026801201095257764
1005.979;0.026778936314738207
1006.288;0.02680850105469422
1006.598;0.026844765379069036
1006.907;0.026843031287156895
1007.216;0.026808384527911077
1007.525;0.026800508990678984
1007.835;0.02676486379044091
1008.144;0.026691306157779225
1008.453;0.026630197839389764
1008.762;0.026619869897220715
1009.072;0.02663705144882988
1009.381;0.02662842352759313
1009.69;0.026607949287946405
1009.999;0.026595769920668345
1010.308;0.026585526954345483
1010.617;0.026526064526367084
1010.926;0.026469904765796075
1011.236;0.026458089091107622
1011.545;0.02645651426590601
1011.854;0.026471485840704054
1012.163;0.02646625181242724
1012.472;0.02647966388388443
1012.781;0.026511710059671473
1013.09;0.026539460167144643
1013.399;0.026569369648967743
1013.708;0.026642884541702053
1014.017;0.026690072546384655
1014.325;0.026711620626706848
1014.634;0.02671171215466454
1014.943;0.02670723071199582
1015.252;0.026679430102863173
1015.561;0.026591205215782603
1015.87;0.026510298432447284
1016.179;0.02647508698199111
1016.487;0.02643634041537154
1016.796;0.02637018495508585
1017.105;0.026316175799115524
1017.414;0.02629875837149203
1017.722;0.026293671715323316
1018.031;0.02630013008123687
1018.34;0.026322353936259923
1018.649;0.02641430536196166
1018.957;0.02650933970733095
1019.266;0.02654137983501506
1019.574;0.026559241899005725
1019.883;0.026580606721809095
1020.192;0.026578899644756713
1020.5;0.026508701430868257
1020.809;0.0264561375698951
1021.117;0.026455179046382192
1021.426;0.02645232625703118
1021.734;0.02640798670722582
1022.043;0.026376575279841424
1022.351;0.02639740383751821
1022.66;0.0264109717484276
1022.968;0.026376112599967173
1023.277;0.026329152407161653
1023.585;0.02632515330070171
1023.893;0.026336098250171476
1024.202;0.026313437016504765
1024.51;0.026311843240580633
1024.819;0.026364204792510736
1025.127;0.026436353015585983
1025.435;0.026443750047074485
1025.743;0.026422096024149282
1026.052;0.026424256708921515
1026.36;0.026433806361045014
1026.668;0.026415168527051683
1026.976;0.0263846520172977
1027.285;0.02641137344326396
1027.593;0.026467899416467464
1027.901;0.026492367722488357
1028.209;0.026481070874229698
1028.517;0.026481949058775336
1028.825;0.026491284305649912
1029.134;0.02646869292757206
1029.442;0.02644591929999254
1029.75;0.026461123928356874
1030.058;0.02651409825391564
1030.366;0.026557891357621148
1030.674;0.02657937210239737
1030.982;0.026610795928392772
1031.29;0.026632185649219875
1031.598;0.026633904217667828
1031.906;0.02661083715629442
1032.214;0.026630265981349457
1032.522;0.026652797684811724
1032.829;0.026637555759812647
1033.137;0.026611568775145686
1033.445;0.0265894973323165
1033.753;0.02654955888621259
1034.061;0.026479781418684727
1034.369;0.026423644741706574
1034.676;0.026387292115028962
1034.984;0.02636668461551431
1035.292;0.026292906831905924
1035.6;0.026206211510056702
1035.907;0.026164261868124674
1036.215;0.02613919207826726
1036.523;0.02609156094924322
1036.831;0.0260629468702663
1037.138;0.026086144873068172
1037.446;0.026113543484959312
1037.753;0.026098045523602807
1038.061;0.026041086405427707
1038.369;0.026021006502092107
1038.676;0.02600176224497819
1038.984;0.02595252977990135
1039.291;0.025895928003807772
1039.599;0.02586022070971294
1039.906;0.02584903817059969
1040.214;0.02583170914608071
1040.521;0.02582839317284687
1040.829;0.025873979035062947
1041.136;0.025943542802953905
1041.444;0.025964132158159757
1041.751;0.025969346933308903
1042.058;0.02597443268226218
1042.366;0.025933877833667848
1042.673;0.02584809587616298
1042.98;0.025764104661134372
1043.288;0.025730412393332843
1043.595;0.02571887523378438
1043.902;0.025674453026572296
1044.21;0.025662509232903415
1044.517;0.02569829444672435
1044.824;0.025742920676608654
1045.131;0.025734146693686104
1045.439;0.02570982394534243
1045.746;0.02571293438387832
1046.053;0.025717007277194028
1046.36;0.025682365759637414
1046.667;0.02563472838090701
1046.974;0.025638130942814485
1047.281;0.025640516617015767
1047.588;0.02561262891520091
1047.896;0.025567986859447268
1048.203;0.02555950862875806
1048.51;0.025574632313344833
1048.817;0.025577313336572597
1049.124;0.025589120543916943
1049.431;0.025643860008316234
1049.738;0.025722553689987247
1050.044;0.025728458251275718
1050.351;0.025707077098594433
1050.658;0.025694660847284893
1050.965;0.025651735646350038
1051.272;0.02559772971603461
1051.579;0.02555151858077714
1051.886;0.025565644630785377
1052.193;0.02560555868287413
1052.499;0.025648678531921657
1052.806;0.02564968604506831
1053.113;0.025691548594318124
1053.42;0.025724398159777884
1053.726;0.02569383195477815
1054.033;0.025668135379853612
1054.34;0.02566834323299102
1054.647;0.025686537942642907
1054.953;0.025647018126063563
1055.26;0.02560702454142126
1055.566;0.025566201157056774
1055.873;0.025555883597464427
1056.18;0.025521105896790148
1056.486;0.025495386540677897
1056.793;0.0255045186720957
1057.099;0.025523862017295975
1057.406;0.02553460637135185
1057.712;0.025538445908696115
1058.019;0.025570407713447266
1058.325;0.025602584427455912
1058.632;0.02565042552645339
1058.938;0.025683316319814797
1059.245;0.02574542086155877
1059.551;0.0258165053241301
1059.857;0.025819772509333632
1060.164;0.025826599507120854
1060.47;0.02584965890756388
1060.777;0.02585596304685268
1061.083;0.0258538215144064
1061.389;0.025852944640283062
1061.695;0.025848340824331698
1062.002;0.02583418150975734
1062.308;0.02581697002003866
1062.614;0.02579019506836146
1062.92;0.02582430455446354
1063.227;0.025875056101393314
1063.533;0.025896749638591003
1063.839;0.025942935775023025
1064.145;0.026003369125125346
1064.451;0.02603321147300591
1064.757;0.026029105919934372
1065.063;0.026031734828675213
1065.37;0.02605102767221601
1065.676;0.026056903101808696
1065.982;0.0260347588801409
1066.288;0.026007746036415064
1066.594;0.026029683211359175
1066.9;0.026042658105776138
1067.206;0.026011146783891662
1067.512;0.026006087041780986
1067.818;0.026027880876685623
1068.123;0.02605197228509217
1068.429;0.025645343507163597
1068.735;0.02446310510209996
1069.041;0.029270410182201424
1069.347;0.03028704779934053
1069.653;0.02692172728726734
1069.959;0.0250565690533365
1070.264;0.02242278120706197
1070.57;0.021326296837427955
1070.876;0.02032946887422513
1071.182;0.021743689928152128
1071.487;0.028883576240356926
1071.793;0.036537248896582296
1072.099;0.033378627140671184
1072.405;0.02879063705864483
1072.71;0.02953525933121266
1073.016;0.023939453697388036
1073.321;0.018577911250438776
1073.627;0.014409961916996587
1073.933;0.02026523116657721
1074.238;0.02714242820812941
1074.544;0.025094641357281063
1074.849;0.026993544074301982
1075.155;0.031585465423233684
1075.46;0.0359391923183847
1075.766;0.028174637775084194
1076.071;0.023712952242608085
1076.377;0.025199979150002307
1076.682;0.026711904081130868
1076.988;0.02312880630115265
1077.293;0.017837522649922836
1077.598;0.023434336300902702
1077.904;0.02461956287202135
1078.209;0.02034546933213352
1078.514;0.015831064502438895
1078.82;0.020575398045241305
1079.125;0.028675219094371093
1079.43;0.025939561336794197
1079.736;0.02455152171404343
1080.041;0.026077861290491642
1080.346;0.02895645588068013
1080.651;0.026991628841707076
1080.956;0.02433751967198814
1081.262;0.027233250553815428
1081.567;0.02688256138551128
1081.872;0.028235018002682515
1082.177;0.02559602909029203
1082.482;0.028077767326466604
1082.787;0.03020548993772469
1083.092;0.027200288392839493
1083.397;0.02452329723369703
1083.702;0.028942444442222402
1084.007;0.031955004512340734
1084.312;0.026504655754015664
1084.617;0.024607769071305196
1084.922;0.028922788107695337
1085.227;0.029571951155663058
1085.532;0.024651617817557647
1085.837;0.019708604093459516
1086.142;0.016909340453387683
1086.447;0.022627216964710626
1086.752;0.023715270682065196
1087.057;0.02382050767307106
1087.361;0.026144592026167788
1087.666;0.03058611721553938
1087.971;0.026718556994355457
1088.276;0.02432622987984964
1088.581;0.024038037775169583
1088.885;0.02629367776342619
1089.19;0.027275385670904095
1089.495;0.024177849754599943
1089.799;0.02926601794905104
1090.104;0.03328326871778644
1090.409;0.028447205613858245
1090.713;0.02809066994605357
1091.018;0.03108518650909331
1091.323;0.03185289237451594
1091.627;0.02969966692923063
1091.932;0.02335561016107926
1092.236;0.020021492618442664
1092.541;0.020692428836963452
1092.845;0.02044405340991498
1093.15;0.019145928917410557
1093.454;0.027624663615191104
1093.759;0.03360704382804618
1094.063;0.03427979447744626
1094.368;0.03219783584503555
1094.672;0.03383021882621386
1094.976;0.03286846965840957
1095.281;0.029080240387342148
1095.585;0.027260265413575586
1095.889;0.027482835601450248
1096.194;0.028627943089790785
1096.498;0.024592245607114652
1096.802;0.02200648000052034
1097.107;0.024316956122021442
1097.411;0.02534473041349334
1097.715;0.021709820551736394
1098.019;0.02159329376859192
1098.323;0.026028367648169865
1098.628;0.028480167774834118
1098.932;0.02958045844450283
1099.236;0.029762700427159228
1099.54;0.02594246108964106
1099.844;0.01654610581842806
1100.148;0.0
