Wavelength;Intensity
174.456;0.01031377328576215
174.799;0.010603690872185963
175.142;0.010876950016814596
175.485;0.011133919859744178
175.828;0.011374969541070847
176.17;0.011600468200890737
176.513;0.01181078497929998
176.856;0.012006289016394715
177.199;0.012187349452271071
177.542;0.012354335427025185
177.884;0.012507616080753193
178.227;0.012647560553551223
178.57;0.012774537985515413
178.913;0.0128889175167419
179.255;0.012991068287326813
179.598;0.01308135943736629
179.941;0.013160160106956465
180.284;0.013227839436193467
180.626;0.013284766565173436
180.969;0.013331310633992503
181.312;0.013367840782746807
181.654;0.013394726151532475
181.997;0.013412335880445646
182.34;0.013421039109582453
182.682;0.01342120497903903
183.025;0.013413202628911512
183.368;0.01339740119929603
183.71;0.013374169830288725
184.053;0.013343877661985722
184.395;0.013306893834483163
184.738;0.01326358748787718
185.081;0.013214327762263906
185.423;0.013159483797739477
185.766;0.013099424734400024
186.108;0.013034519712341682
186.451;0.012965137871660587
186.793;0.012891648352452873
187.136;0.012814420294814673
187.478;0.012733822838842121
187.821;0.012650225124631353
188.163;0.012563996292278501
188.506;0.0124755054818797
188.848;0.012385121833531089
189.191;0.012293214487328796
189.533;0.012200152583368956
189.876;0.012106305261747703
190.218;0.012012041662561174
190.561;0.0119177309259055
190.903;0.011823742191876816
191.245;0.011730444600571257
191.588;0.011478633031992404
191.93;0.011162372782167949
192.272;0.011591741498568365
192.615;0.011776203032373906
192.957;0.011494866274919462
193.3;0.011410013835858915
193.642;0.011588778968203487
193.984;0.011695878675938387
194.327;0.01160216546668835
194.669;0.011512808320295557
195.011;0.011709442471213511
195.353;0.011868905392755114
195.696;0.01156170889880305
196.038;0.011315352650539472
196.38;0.011390706306562182
196.722;0.011703130759175744
197.065;0.011346485632660257
197.407;0.011035554646632193
197.749;0.011085997094170845
198.091;0.01195304090774403
198.434;0.01164806474050304
198.776;0.011374972574412516
199.118;0.011553134461623198
199.46;0.011776077828338146
199.802;0.011754630503634959
200.144;0.011580895888550848
200.487;0.011801513164541606
200.829;0.011954934418797174
201.171;0.012016417325454758
201.513;0.011764090181157193
201.855;0.011862989138450207
202.197;0.012041053462634222
202.539;0.011985117577813887
202.881;0.011669128240513247
203.223;0.011932407959866834
203.565;0.012057910627070574
203.907;0.011855046143117963
204.249;0.011422744999209556
204.591;0.01181399263235711
204.933;0.012032678590312346
205.275;0.011862923186023833
205.617;0.011516262000869021
205.959;0.011713466367239909
206.301;0.011977958663712542
206.643;0.011920663517200385
206.985;0.011713297942709503
207.327;0.011908379533320058
207.669;0.012116040487757697
208.011;0.01204681972387936
208.353;0.011789240247933251
208.695;0.011858329751696983
209.037;0.012111690547026169
209.379;0.012162405506672668
209.721;0.011875148456097374
210.062;0.011982580364083785
210.404;0.012037142839307055
210.746;0.01172218569947742
211.088;0.011297892753878463
211.43;0.011395434528022608
211.772;0.01159371520539535
212.113;0.011243691793756215
212.455;0.010886548715423524
212.797;0.010934427308353619
213.139;0.011512799115047231
213.48;0.011492087636868186
213.822;0.011182197354479636
214.164;0.011361511546730952
214.506;0.011577147110596799
214.847;0.01131547277484591
215.189;0.011037636182668169
215.531;0.011105652092143524
215.872;0.011172307093204523
216.214;0.010972473215182315
216.556;0.010584638168218738
216.898;0.010874745464143645
217.239;0.011044482786686809
217.581;0.010940682109446785
217.922;0.010652840171004823
218.264;0.01082497427538878
218.606;0.011075485595950393
218.947;0.010780733544956216
219.289;0.01053033768929882
219.63;0.0107012054399585
219.972;0.010934678440716107
220.314;0.010773422092792874
220.655;0.010467809532308185
220.997;0.010545344330609099
221.338;0.010938243180703884
221.68;0.010645285652511627
222.021;0.010291231343878705
222.363;0.010511120591291745
222.704;0.010696747691097892
223.046;0.010451784801337944
223.387;0.010202330746659641
223.729;0.010351679442598806
224.07;0.010509102076832769
224.412;0.01032650186018088
224.753;0.010059709248897547
225.094;0.010236087662623284
225.436;0.010609481611086142
225.777;0.010614068931020114
226.119;0.010619019857415486
226.46;0.01062447285399685
226.801;0.01062981434356002
227.143;0.010636723892304018
227.484;0.010643538548390794
227.825;0.010650319122389916
228.167;0.010657761068693754
228.508;0.010666596035004434
228.849;0.010675920616450556
229.191;0.010684857218713054
229.532;0.010693824315982375
229.873;0.010704217802866334
230.215;0.010715153017448995
230.556;0.010726165572324755
230.897;0.010738967578800414
231.238;0.010751421588172261
231.58;0.010763402483054635
231.921;0.010774413100167359
232.262;0.01078676374953654
232.603;0.010795998870428276
232.944;0.010804699798260072
233.286;0.010813377649519458
233.627;0.010822999351170355
233.968;0.010832336441055346
234.309;0.010841889670753621
234.65;0.010852062063144409
234.991;0.010860731409718298
235.332;0.010869973720872934
235.673;0.010877650209912762
236.015;0.0108858421796706
236.356;0.01089327081628702
236.697;0.010899969065705938
237.038;0.01090369759105438
237.379;0.010906886166778875
237.72;0.01090905873890733
238.061;0.010911409898679397
238.402;0.010912301552240959
238.743;0.010913385532835385
239.084;0.010912382696875693
239.425;0.01090986699848035
239.766;0.01090652310574697
240.107;0.010904034698847292
240.448;0.010901800416227661
240.789;0.010899278447034961
241.13;0.010895698933524024
241.471;0.010892195601705451
241.812;0.010889007470512892
242.153;0.010886390338967199
242.494;0.010881056698493645
242.834;0.010875599940524937
243.175;0.010871039601555152
243.516;0.01086592826973537
243.857;0.010858975919340824
244.198;0.01084921797821392
244.539;0.010841841853831672
244.88;0.01083374549604335
245.22;0.010826001470352857
245.561;0.01081853707648426
245.902;0.01081127898081089
246.243;0.010803527098827589
246.584;0.010795664064794883
246.924;0.010792346060154029
247.265;0.010788961782809841
247.606;0.010784237549637128
247.947;0.010777355992739768
248.287;0.010770602128684945
248.628;0.010763989938115693
248.969;0.01075478473851818
249.31;0.010745422971523384
249.65;0.010734766017879755
249.991;0.010724214520895645
250.332;0.01071438553453079
250.672;0.01070666262153812
251.013;0.010700142656169693
251.354;0.010693652362367382
251.694;0.010687792908364023
252.035;0.010680976283847708
252.375;0.010674998586734742
252.716;0.010669671791724504
253.057;0.010662650260234238
253.397;0.010657239123751648
253.738;0.010652824051968837
254.078;0.010649746625698491
254.419;0.0106466424228014
254.759;0.01064360068567075
255.1;0.010640343008985987
255.44;0.010637648416546791
255.781;0.010634255756070876
256.121;0.010631055146470373
256.462;0.010628662780977226
256.802;0.010624938318225837
257.143;0.010622981953970176
257.483;0.010622066239753848
257.824;0.010621259604552291
258.164;0.010622446253431646
258.505;0.010623053378699522
258.845;0.010624059134597876
259.185;0.010625850273756014
259.526;0.010627673036067061
259.866;0.010630316936294803
260.207;0.010633354546317515
260.547;0.010637670877458634
260.887;0.010642174319307576
261.228;0.010647382455859777
261.568;0.01065456315213155
261.908;0.010661442560890468
262.249;0.010668889943799133
262.589;0.010677120552083651
262.929;0.010685609132156016
263.269;0.010694504853370463
263.61;0.010705171890044817
263.95;0.010715532819374308
264.29;0.010725817667167502
264.63;0.010735539728376204
264.971;0.010744386532699789
265.311;0.01075403057784
265.651;0.010764177547961955
265.991;0.010774696616572271
266.331;0.01078511651166118
266.672;0.010795933139076164
267.012;0.010807036661031525
267.352;0.010819406598997537
267.692;0.010832552992668429
268.032;0.01084474737071247
268.372;0.010854209513578168
268.713;0.01086382433713955
269.053;0.010874016158430408
269.393;0.010881770860672987
269.733;0.010886544111157455
270.073;0.010889307805139534
270.413;0.010893168029520266
270.753;0.0108976822324528
271.093;0.010903479510141296
271.433;0.010908854666814443
271.773;0.010914223142267507
272.113;0.010917428617249581
272.453;0.010919824989568049
272.793;0.010924020539588662
273.133;0.010928526328564071
273.473;0.010933337571830758
273.813;0.010938650611297535
274.153;0.01094462730372491
274.493;0.010951364498123712
274.833;0.010957709601378832
275.173;0.01096412388032728
275.513;0.010972690310212242
275.852;0.010982331250461387
276.192;0.010990455195817511
276.532;0.01099895950129292
276.872;0.011006086745208778
277.212;0.01101390220828716
277.552;0.011021833000203696
277.892;0.01102796706101207
278.231;0.011035000027189773
278.571;0.01103767473104909
278.911;0.01104057138054278
279.251;0.011041737139069722
279.591;0.011042533212652385
279.93;0.011041812504047881
280.27;0.01103879432843356
280.61;0.011034416572386425
280.95;0.011031017133924091
281.289;0.011032093358752534
281.629;0.011030893953348095
281.969;0.011028422559579898
282.308;0.011025081725817272
282.648;0.011021445798487508
282.988;0.01101886928555025
283.328;0.011014550791758383
283.667;0.011010164478325974
284.007;0.011005909336610241
284.346;0.010999734735951798
284.686;0.01099270624628953
285.026;0.010988434834112007
285.365;0.010984185618235165
285.705;0.010978396500432589
286.044;0.0109714298099772
286.384;0.010963725145462455
286.724;0.010955800070068692
287.063;0.010947730296327812
287.403;0.010938510450163292
287.742;0.01093002261911637
288.082;0.01091979556073872
288.421;0.010907473892806852
288.761;0.010892149538070816
289.1;0.010876363473131059
289.44;0.010859585797497
289.779;0.010842301027613428
290.119;0.010824288827175494
290.458;0.010805867770866392
290.797;0.010789845346028011
291.137;0.010771352002937657
291.476;0.010752437745153791
291.816;0.010731713814625395
292.155;0.010710900282074156
292.494;0.010691841427370388
292.834;0.010672673053674874
293.173;0.010654930789729025
293.512;0.010638301860050154
293.852;0.010619903389331574
294.191;0.01060260869658225
294.53;0.01058548085584421
294.87;0.010570066059649313
295.209;0.010554118380526932
295.548;0.010536383797349185
295.888;0.010520150898903919
296.227;0.010503784621918743
296.566;0.010486145121858933
296.905;0.010467359452284256
297.245;0.010448619622886544
297.584;0.010429338259852448
297.923;0.010410573274121187
298.262;0.01039055470628565
298.601;0.01036971705047548
298.941;0.010348949473669978
299.28;0.010326800146825148
299.619;0.010304084937614675
299.958;0.010283039145207845
300.297;0.010262182118176059
300.636;0.010242003857819692
300.975;0.010221586263125464
301.315;0.010201728784911096
301.654;0.01018143632990063
301.993;0.01016153009363625
302.332;0.01014203910088031
302.671;0.010121079834206142
303.01;0.010100354306583051
303.349;0.010080674748923097
303.688;0.010062148666609677
304.027;0.01004409996513762
304.366;0.010026122741995089
304.705;0.010009810754206577
305.044;0.009993106223698164
305.383;0.00997698051957517
305.722;0.00996091759461018
306.061;0.00994546410125678
306.4;0.009930860774236992
306.739;0.009916899091901472
307.078;0.009904553084932877
307.417;0.009892767234008705
307.755;0.009881477176594091
308.094;0.009870648520440659
308.433;0.009860795354356602
308.772;0.009850612232608021
309.111;0.009840699670797887
309.45;0.009830915975261117
309.789;0.00981940503743627
310.127;0.009808371680076372
310.466;0.009797097366973165
310.805;0.009786902001608738
311.144;0.009777571350736688
311.483;0.009768059062783902
311.821;0.009758924153043145
312.16;0.009750422576304181
312.499;0.009746376462049768
312.838;0.00974151970846967
313.176;0.00973669368087504
313.515;0.009732175314077128
313.854;0.009728425180441052
314.192;0.009725079255296887
314.531;0.009721944594733025
314.87;0.0097195002506241
315.208;0.009714617449898766
315.547;0.009710794475948352
315.886;0.009706709176837358
316.224;0.009702552775710352
316.563;0.009696615548057494
316.902;0.009689538162584277
317.24;0.009684798800125146
317.579;0.00968076385027979
317.917;0.0096780422248122
318.256;0.009677653692995896
318.594;0.009676298947860753
318.933;0.009670735835800264
319.272;0.009664858276482302
319.61;0.009659561013105696
319.949;0.009654330148382254
320.287;0.009649426090683512
320.626;0.009644272129718898
320.964;0.009638108698607081
321.303;0.0096313678721605
321.641;0.009622880344812621
321.979;0.009614840365780558
322.318;0.009606596139766485
322.656;0.009599073187648141
322.995;0.009591350012745501
323.333;0.009584488931858448
323.671;0.009577828945235303
324.01;0.009571496983875731
324.348;0.009565732081225676
324.687;0.009560240689172203
325.025;0.009557187762527269
325.363;0.009554434363116544
325.702;0.009553540630747205
326.04;0.009553453644063585
326.378;0.009552053114470242
326.717;0.00955201116502018
327.055;0.009551557555646845
327.393;0.009550860714270373
327.731;0.009550997171219046
328.07;0.009550302594026465
328.408;0.009549359344306538
328.746;0.00954719309339774
329.084;0.00954496388870664
329.422;0.00954135947817686
329.761;0.009536050243634334
330.099;0.009531980223222901
330.437;0.009528336448445425
330.775;0.009523838826718017
331.113;0.009518732474365561
331.451;0.009513285968967276
331.79;0.009506200248454192
332.128;0.009499627041634918
332.466;0.009493431915391298
332.804;0.009488252859373181
333.142;0.009482815621350704
333.48;0.009476732736797305
333.818;0.009470213677017697
334.156;0.009465196550798282
334.494;0.009458930901335854
334.832;0.009451443613728664
335.17;0.00944232937337199
335.508;0.009432001742465859
335.846;0.009420820143426782
336.184;0.009411187953936688
336.522;0.009401964974174287
336.86;0.009392270590414321
337.198;0.009382452839166274
337.536;0.009373525129078315
337.874;0.00936665632632263
338.212;0.009360773110543764
338.55;0.009352963300271728
338.888;0.009344338295717992
339.226;0.009334364387548349
339.564;0.009324817582562579
339.901;0.009315987957732296
340.239;0.009308341116318578
340.577;0.00930024360453745
340.915;0.009291969855946698
341.253;0.009284878766146793
341.591;0.009277595308690174
341.928;0.009270202140033258
342.266;0.009261086147660417
342.604;0.009252560206726537
342.942;0.009243657450011768
343.279;0.00923431671144811
343.617;0.009224592760144517
343.955;0.009214203534633772
344.293;0.009203393732714449
344.63;0.009193219101350923
344.968;0.00918369787440288
345.306;0.009173215621913122
345.643;0.009162746630012588
345.981;0.009152854262388103
346.319;0.00914228743140938
346.656;0.00913402772738993
346.994;0.009125335194395042
347.332;0.009117152499428054
347.669;0.009108780992953851
348.007;0.009101033082309591
348.344;0.009093682651798664
348.682;0.009086783501330718
349.02;0.009078313276142167
349.357;0.009070574453535558
349.695;0.009063923175670533
350.032;0.009058284614047406
350.37;0.00905509064785026
350.707;0.00905365782759109
351.045;0.009051138475485443
351.382;0.009048654868926793
351.72;0.009046821940589492
352.057;0.009044000145812959
352.395;0.00904366966458066
352.732;0.00904545754678635
353.07;0.009046432776216907
353.407;0.009046639713483058
353.744;0.009043676989373653
354.082;0.009040404853881408
354.419;0.009037407605165077
354.757;0.009035296893311692
355.094;0.009033908545948214
355.431;0.009032393216897947
355.769;0.009031271973903203
356.106;0.009031800031013674
356.443;0.009032873412861022
356.781;0.009035930862365427
357.118;0.009038632123048371
357.455;0.009042922273573449
357.793;0.009047758305493396
358.13;0.009052804834907271
358.467;0.009057924532433426
358.804;0.009062325218923627
359.142;0.009068226710669043
359.479;0.009075175649719325
359.816;0.009083956505800742
360.153;0.009092365820051797
360.49;0.00909888398631852
360.828;0.009104842062481758
361.165;0.009109873116803313
361.502;0.009113718956315152
361.839;0.009117232058779205
362.176;0.009121024494927396
362.513;0.00912447611967972
362.85;0.009125131913540389
363.187;0.009125359288152687
363.525;0.009126584153801576
363.862;0.009127006414696446
364.199;0.009126606680442493
364.536;0.009127019349871139
364.873;0.00912709334301307
365.21;0.009127941915482824
365.547;0.009129707121210731
365.884;0.009131034593070034
366.221;0.009133890608171841
366.558;0.009137218744888634
366.895;0.009142020165286742
367.232;0.00914804488665338
367.569;0.009154093883446257
367.906;0.009159872984635727
368.243;0.009165859913532283
368.58;0.009172198392875022
368.916;0.009177804318291245
369.253;0.009183503468509274
369.59;0.009190042524386911
369.927;0.009195724365401321
370.264;0.009201978058157166
370.601;0.009208965595692883
370.938;0.009216193848565573
371.275;0.009222037379554952
371.611;0.00922510748346868
371.948;0.009227003898571104
372.285;0.009229180512004841
372.622;0.009231116897534867
372.958;0.009235415822706029
373.295;0.009240776814154496
373.632;0.009247346716088357
373.969;0.009254348098995502
374.305;0.009260988356250376
374.642;0.009267011860596322
374.979;0.009271700760127772
375.316;0.009276529414184194
375.652;0.009280889428306887
375.989;0.00928614822274948
376.326;0.009291102494283367
376.662;0.009296435115823854
376.999;0.009300527201448562
377.336;0.009305366522258616
377.672;0.00931182249595034
378.009;0.009318199604921706
378.345;0.00932470247066745
378.682;0.009330751025152913
379.019;0.009336773512101769
379.355;0.009342677819604473
379.692;0.009348822462317182
380.028;0.009354987459274577
380.365;0.009359120074315323
380.701;0.009363705258186783
381.038;0.00936923790151089
381.374;0.009374995873212754
381.711;0.009382879195337354
382.047;0.009391951677340263
382.384;0.009401563464970494
382.72;0.009411767731725307
383.056;0.009420340654117466
383.393;0.009519185052412114
383.729;0.009614098551098805
384.066;0.009703097894150093
384.402;0.009683786394891402
384.738;0.009666154529308633
385.075;0.009647870807200955
385.411;0.0096291588355435
385.748;0.009610957804954806
386.084;0.009592076937752712
386.42;0.009573891771493221
386.757;0.009557667913735251
387.093;0.009542706070364447
387.429;0.009531434546218439
387.765;0.009522104665451744
388.102;0.009514698843656653
388.438;0.009509055593553743
388.774;0.009506718279153102
389.11;0.009507212298242472
389.447;0.00950975819191794
389.783;0.009513900039060068
390.119;0.009519941333951967
390.455;0.009527658103844944
390.791;0.009541169159879601
391.128;0.009556197063247888
391.464;0.00957423070968991
391.8;0.009596539675296492
392.136;0.009624135838515424
392.472;0.009655681722261686
392.808;0.009690677820365803
393.144;0.009728733597519365
393.48;0.009768281972744836
393.816;0.009813011418073449
394.152;0.009863445469980725
394.489;0.009918727302204739
394.825;0.009980806040593435
395.161;0.010050377637565354
395.497;0.010127006770836276
395.833;0.01021169040375644
396.169;0.01030698010478797
396.505;0.010415547693973376
396.841;0.010535411501416238
397.176;0.01066472050167416
397.512;0.010802692251764437
397.848;0.010949988249094175
398.184;0.011107421650396732
398.52;0.011276171254561441
398.856;0.011456476042546336
399.192;0.011648787577384266
399.528;0.011853555837989731
399.864;0.012070870068344852
400.2;0.012303364093379477
400.535;0.012549275765224178
400.871;0.012811771034342464
401.207;0.013092285941506276
401.543;0.013391138698432399
401.879;0.01370870100266711
402.214;0.01404732518720145
402.55;0.014409709117369399
402.886;0.014796410776978061
403.222;0.015207509171103977
403.557;0.015644547363712756
403.893;0.016106085283637855
404.229;0.016598043234010436
404.565;0.01711852117557203
404.9;0.01766947231498746
405.236;0.018253779255960886
405.572;0.018873069406260733
405.907;0.019527530581712624
406.243;0.020218650208500687
406.579;0.02094571883114524
406.914;0.02171207241299569
407.25;0.022516982698468
407.585;0.023360177657644098
407.921;0.02424506229122319
408.257;0.02517258505545178
408.592;0.026142255445389073
408.928;0.027155064548703884
409.263;0.028210682834613764
409.599;0.029312469706642544
409.934;0.030460734872086316
410.27;0.03165403954533543
410.605;0.032893847700482606
410.941;0.034181624238501136
411.276;0.035517015076865964
411.612;0.0369010423766792
411.947;0.038333283262656566
412.283;0.03981278648260301
412.618;0.04133938798797672
412.953;0.04291349449159506
413.289;0.04453388087151339
413.624;0.046199963464936385
413.96;0.047911240699174594
414.295;0.049667660735544655
414.63;0.05146786733154914
414.966;0.053311969920641994
415.301;0.05519761472765886
415.636;0.05712275946847362
415.972;0.05908568201919164
416.307;0.06108676736040546
416.642;0.0631258692139397
416.977;0.06509870508407359
417.313;0.0670888522256726
417.648;0.06909597184439187
417.983;0.07122927546725663
418.318;0.07338795121873622
418.654;0.07557286203694304
418.989;0.07778207531018108
419.324;0.08001262587600949
419.659;0.08226288379362771
419.994;0.08453036267837749
420.33;0.0868121993712382
420.665;0.08910809892530175
421.0;0.09141654768488147
421.335;0.09373883524520601
421.67;0.09606985590215654
422.005;0.0984058196744944
422.34;0.10074430036775664
422.675;0.1030854030083712
423.01;0.1054270057216647
423.345;0.10776740859561477
423.681;0.11010326677512107
424.016;0.11243389971103752
424.351;0.11475484933020111
424.686;0.11706706560004455
425.021;0.11936780699200793
425.356;0.12165451477183609
425.691;0.1239259592626283
426.025;0.1261815239151244
426.36;0.12841774372497158
426.695;0.13063464651521817
427.03;0.13283071176024475
427.365;0.13500460537238304
427.7;0.13715450353421432
428.035;0.1392797600759702
428.37;0.1413781027801391
428.705;0.14344936657728674
429.04;0.14549158448671992
429.374;0.14750197328169315
429.709;0.14947775085582068
430.044;0.15141791146226144
430.379;0.15332432672195587
430.714;0.15519670015249923
431.048;0.15703516238928858
431.383;0.15883930292909468
431.718;0.1606076441485812
432.053;0.162340310606887
432.387;0.16403786035243598
432.722;0.16569885146607363
433.057;0.1673246475859038
433.392;0.16891529139573094
433.726;0.17046990463271708
434.061;0.17199120047759978
434.396;0.17347647716801562
434.73;0.1749265836101112
435.065;0.17634271325776424
435.4;0.1777260957130367
435.734;0.17907668908706972
436.069;0.18039453068145744
436.403;0.18168234411186562
436.738;0.18294166941670945
437.073;0.18417088517592253
437.407;0.18537324959392854
437.742;0.1865465774071677
438.076;0.18769472170997845
438.411;0.18881766705030814
438.745;0.18991782477907723
439.08;0.19099602328145548
439.414;0.1920521747536741
439.749;0.19308621587199307
440.083;0.19410044546355323
440.418;0.19509302681103552
440.752;0.19606720831681032
441.086;0.19702300260583885
441.421;0.1979617535378647
441.755;0.19888520986182423
442.09;0.19979441802240264
442.424;0.20069070696588784
442.758;0.20157628149940818
443.093;0.2024516441758691
443.427;0.20331559851345957
443.761;0.20417104917352288
444.096;0.20501882695874526
444.43;0.20586083523016588
444.764;0.2066956890227413
445.099;0.20752458831140425
445.433;0.20834864203483608
445.767;0.20916921743257522
446.101;0.20998813198609695
446.436;0.21080541460221136
446.77;0.21162275615304776
447.104;0.21244066241631476
447.438;0.21326083306733576
447.773;0.2140837379392312
448.107;0.2149102643084086
448.441;0.21574099041493522
448.775;0.2165767851099982
449.109;0.21741799228700368
449.443;0.21826822979121804
449.777;0.21912724367743486
450.112;0.2199957323655345
450.446;0.22087696677610744
450.78;0.22177065456905712
451.114;0.2226779426843217
451.448;0.22360292412455487
451.782;0.2245446988702241
452.116;0.2255048509804288
452.45;0.22648555794479616
452.784;0.22748855669517073
453.118;0.22851288130752662
453.452;0.2295613329332616
453.786;0.23063731401954557
454.12;0.23174025720545305
454.454;0.23287089838951922
454.788;0.2340269824452751
455.122;0.2352127538543561
455.456;0.23643064853775145
455.79;0.23768220336696388
456.123;0.2389678019461947
456.457;0.24029101869815603
456.791;0.2416512172508429
457.125;0.24304934503802011
457.459;0.24448793335488825
457.793;0.2459686208576261
458.127;0.24749150612035514
458.46;0.2490588665599102
458.794;0.2506720903562863
459.128;0.2523313424092197
459.462;0.25403612013778665
459.795;0.2557896879040762
460.129;0.25759296188664543
460.463;0.25944841054062734
460.797;0.2613561926115884
461.13;0.26331476222478467
461.464;0.26532821998180756
461.798;0.26739799925448965
462.131;0.2695221638730792
462.465;0.2717009873392211
462.799;0.27393794206389194
463.132;0.2762336927739628
463.466;0.27858472959754554
463.8;0.28099029206439474
464.133;0.28345463214587047
464.467;0.2859812146950591
464.8;0.2885698162341659
465.134;0.29122000974310863
465.468;0.29393355856029535
465.801;0.2967105740199733
466.135;0.2995489916857825
466.468;0.3024482377496804
466.802;0.3054096088127362
467.135;0.3084325595114424
467.469;0.3115129531528547
467.802;0.3146522087031746
468.136;0.31784919576791826
468.469;0.32110308184736025
468.802;0.3244097394783276
469.136;0.3277678560450031
469.469;0.33117826636860265
469.803;0.3346387469506298
470.136;0.33814442080020624
470.469;0.34169411704332425
470.803;0.3452877457987315
471.136;0.34892447289021444
471.469;0.35259665975673987
471.803;0.3563045785037537
472.136;0.3600465096053277
472.469;0.36381865432776933
472.803;0.3676165685718322
473.136;0.3714382506919667
473.469;0.3752827576716552
473.803;0.3791500673597235
474.136;0.3830330593750383
474.469;0.3869307668531869
474.802;0.3908425250838761
475.135;0.3947652913362537
475.469;0.3986958867210267
475.802;0.40262977883731316
476.135;0.40656795589171846
476.468;0.41050789799973797
476.801;0.41444430047569336
477.134;0.4183759583054934
477.468;0.4223034967879393
477.801;0.42622362793517926
478.134;0.43013167868881325
478.467;0.43402568295419264
478.8;0.43790582537673467
479.133;0.44177141764395333
479.466;0.44561827103746765
479.799;0.44944458358458067
480.132;0.4532509467801748
480.465;0.45703769366769875
480.798;0.46080158895320383
481.131;0.4645411017338743
481.464;0.4682562386095763
481.797;0.47194761436574284
482.13;0.475611312287429
482.463;0.47924826273075644
482.796;0.482860400829808
483.129;0.4864494765774473
483.462;0.4900111928149253
483.794;0.49354425010693137
484.127;0.49705361423373134
484.46;0.5005393009515542
484.793;0.5039984101078269
485.126;0.5074329957768083
485.459;0.5108450041426397
485.792;0.5142348946503342
486.124;0.5176014869203803
486.457;0.5209469480458231
486.79;0.5242732730794446
487.123;0.5275817134860351
487.455;0.5308725503244959
487.788;0.5341465901328902
488.121;0.5374067406356112
488.454;0.5406541538795502
488.786;0.5438894078943989
489.119;0.5471140562250234
489.452;0.5503312831928728
489.784;0.5535412426408449
490.117;0.5567459757148028
490.45;0.5599487610744206
490.782;0.5631529210653694
491.115;0.5663604776056144
491.448;0.569572667102374
491.78;0.5727902944192376
492.113;0.5760157952630574
492.445;0.5792528401080688
492.778;0.5825036089738589
493.11;0.5857670937335684
493.443;0.5890471621823932
493.775;0.592345651459884
494.108;0.5956623947718155
494.44;0.5990011453121186
494.773;0.6023614634743079
495.105;0.6057461280515674
495.438;0.6091574342113957
495.77;0.612596030385416
496.103;0.616064930374312
496.435;0.6195652234870764
496.768;0.6230995784220706
497.1;0.6266692353890022
497.432;0.630272851045856
497.765;0.6339092471872636
498.097;0.6375778956889033
498.429;0.6412796182837489
498.762;0.6450154610781477
499.094;0.6487839301090231
499.426;0.6525870463165077
499.759;0.6564242419699299
500.091;0.6602930240968414
500.423;0.6641941875423103
500.756;0.6681284536808119
501.088;0.6720925941339869
501.42;0.676087747780772
501.752;0.6801130620082394
502.085;0.6841687857997658
502.417;0.6882538720378032
502.749;0.6923667327784585
503.081;0.6965063513839372
503.413;0.7006726978558809
503.745;0.7048636277775635
504.078;0.7090771580123922
504.41;0.7133099362881034
504.742;0.7175639388884112
505.074;0.7218367874021948
505.406;0.7261258035124024
505.738;0.7304303098305506
506.07;0.7347504575061824
506.402;0.7390849952030499
506.734;0.7434307615315265
507.066;0.7477864838152898
507.398;0.7521533942528854
507.73;0.7565288211792993
508.062;0.7609105341028527
508.394;0.7652970169728519
508.726;0.7696879664805492
509.058;0.7740832772191261
509.39;0.7784783470869674
509.722;0.7828698871072141
510.054;0.7872603112920464
510.386;0.7916478160436008
510.718;0.7960284932671335
511.05;0.8004018036272508
511.381;0.8047680580316391
511.713;0.8091266343120233
512.045;0.813474393481849
512.377;0.8178103296802433
512.709;0.8221347359542192
513.041;0.8264464315414373
513.372;0.8307410269859696
513.704;0.8350156143798477
514.036;0.8392728778094001
514.368;0.8435101868366223
514.699;0.8477249526643386
515.031;0.851916395587678
515.363;0.8560838732060971
515.695;0.8602264675691089
516.026;0.864339546922813
516.358;0.8684200874040967
516.69;0.8724708990179204
517.021;0.8764897611988626
517.353;0.8804723919811765
517.685;0.8844191391709237
518.016;0.8883299495723089
518.348;0.8922010530607345
518.679;0.8960320648563448
519.011;0.899820101451382
519.343;0.9035646368174921
519.674;0.9072630564321141
520.006;0.9109129391232046
520.337;0.9145120011413763
520.669;0.9180597671689166
521.0;0.9215570432633434
521.332;0.9250009061062652
521.663;0.9283899818515516
521.995;0.9317246148216222
522.326;0.9350013242800986
522.658;0.9382173527845712
522.989;0.9413704473817633
523.32;0.9444599375842645
523.652;0.9474853392265226
523.983;0.9504424079547048
524.315;0.9533299083777185
524.646;0.9561461441793073
524.977;0.9588881114616861
525.309;0.9615551017578512
525.64;0.9641451461015227
525.971;0.9666567563081664
526.303;0.9690898460502977
526.634;0.9714406252347105
526.965;0.9737079734331114
527.296;0.9758912398885208
527.628;0.9779893906972651
527.959;0.9800010207005394
528.29;0.9819226088632123
528.621;0.9837536517974963
528.953;0.9854947181372692
529.284;0.987141977924614
529.615;0.9886937401543016
529.946;0.9901489722700256
530.277;0.9915090597980961
530.608;0.9927717639871633
530.939;0.9939347230125554
531.271;0.9949951849452129
531.602;0.9959564145315348
531.933;0.9968171071020367
532.264;0.9975753661751462
532.595;0.9982306952328507
532.926;0.9987838412784559
533.257;0.9992355456587549
533.588;0.9995834967845734
533.919;0.9998230377570643
534.25;0.9999625056769472
534.581;1.0
534.912;0.9999341927073445
535.243;0.9997658985991525
535.574;0.999497443558156
535.905;0.99912909248884
536.236;0.9986591224554138
536.567;0.9980887229688057
536.898;0.9974216388220196
537.229;0.9966585401739766
537.559;0.9957989596204588
537.89;0.9948453684397189
538.221;0.9937995702739518
538.552;0.9926627548489629
538.883;0.9914344863699703
539.214;0.9901172895913634
539.544;0.9887137911019424
539.875;0.9872261309970516
540.206;0.9856538051632371
540.537;0.9839974625708232
540.867;0.9822618292268726
541.198;0.9804478665641201
541.529;0.978555849112359
541.86;0.9765866941398944
542.19;0.9745430142023942
542.521;0.9724291852627885
542.852;0.9702442513377668
543.182;0.9679911299593889
543.513;0.965671731238609
543.844;0.9632894255949538
544.174;0.9608420375566955
544.505;0.9583329873024923
544.835;0.9557658615846879
545.166;0.9531422791734235
545.497;0.9504619876227091
545.827;0.9477253808490596
546.158;0.9449364556533466
546.488;0.9420989133645462
546.819;0.939213532714306
547.149;0.936279728223356
547.48;0.9333016870985745
547.81;0.9302783631670898
548.141;0.9272122484224063
548.471;0.9241074292203847
548.802;0.9209665697481264
549.132;0.917791307457872
549.462;0.9145827015653446
549.793;0.9113384250819099
550.123;0.9080656073349535
550.454;0.9047649879389013
550.784;0.9014366337622541
551.114;0.8980813553305715
551.445;0.8947032853768992
551.775;0.8913025016309248
552.105;0.8878789276433265
552.436;0.8844342550469647
552.766;0.8809723545256174
553.096;0.8774940910423925
553.426;0.8739986317223101
553.757;0.8704857347159037
554.087;0.8669579348480929
554.417;0.8634163775107658
554.747;0.8598606492480241
555.078;0.8562899923430912
555.408;0.8527077417844512
555.738;0.849114509436591
556.068;0.8455103724573415
556.398;0.8418954396706919
556.728;0.8382692009751694
557.058;0.8346316374225263
557.389;0.8309822904350465
557.719;0.8273205701171114
558.049;0.8236488548849787
558.379;0.8199679323705222
558.709;0.8162746150655188
559.039;0.8125689916239762
559.369;0.8088504882646004
559.699;0.8051200580893758
560.029;0.8013766557468592
560.359;0.7976206684262154
560.689;0.7938522272417452
561.019;0.7900724580004052
561.349;0.7862802369941736
561.679;0.7824759610742843
562.009;0.7786587314791111
562.339;0.7748281132685643
562.669;0.7709842377159466
562.999;0.7671301027929397
563.328;0.7632623560991076
563.658;0.7593816382248197
563.988;0.7554895356826554
564.318;0.7515901256974836
564.648;0.7476797855456809
564.978;0.7437578576039332
565.307;0.7398268058586992
565.637;0.7358863391065028
565.967;0.7319353416819456
566.297;0.7279724764542783
566.626;0.7240004225118756
566.956;0.7200257562356736
567.286;0.7160417089588036
567.616;0.7120501067604854
567.945;0.7080523681346365
568.275;0.7040492157742315
568.605;0.7000393156468453
568.934;0.6960229247207984
569.264;0.6920014112990526
569.594;0.687974649396714
569.923;0.683940184882292
570.253;0.6798974004174073
570.582;0.6758503635813325
570.912;0.6717989806991197
571.242;0.6677425201529379
571.571;0.6636795783044904
571.901;0.6596122670838163
572.23;0.6555406639441281
572.56;0.6514644158427034
572.889;0.6473838726643569
573.219;0.643300870666357
573.548;0.6392147589610078
573.878;0.6351248889353884
574.207;0.6310318592147441
574.537;0.6269366251058685
574.866;0.6228418572421845
575.195;0.6187456439154846
575.525;0.61464671804145
575.854;0.6105491379993491
576.184;0.6064533893284262
576.513;0.6023582407477474
576.842;0.5982624727970728
577.172;0.594168656609195
577.501;0.5900776616639374
577.83;0.5859886232675177
578.16;0.5819015817806062
578.489;0.5778194907695723
578.818;0.5737427742672428
579.147;0.5696698626601904
579.477;0.5655992451702426
579.806;0.5615368706191102
580.135;0.5574846893886436
580.464;0.5534393385647717
580.793;0.5494056501715838
581.123;0.5453814167796726
581.452;0.5413673843557216
581.781;0.5373633652664219
582.11;0.5333701275131614
582.439;0.5293908193877401
582.768;0.5254279367683495
583.097;0.5214767188055339
583.427;0.5175398245293353
583.756;0.5136184137638621
584.085;0.5097125939825073
584.414;0.5058195666377182
584.743;0.5019404144153171
585.072;0.498077356300951
585.401;0.4942308509255673
585.73;0.4903999270358416
586.059;0.48658619945403975
586.388;0.4827925879268307
586.717;0.4790198079114321
587.046;0.4752636287319617
587.375;0.4715239407466559
587.703;0.46780201221146295
588.032;0.4640999255611749
588.361;0.4604149964212844
588.69;0.4567477821549589
589.019;0.4531008078997875
589.348;0.44947316200865195
589.677;0.445865691090148
590.006;0.4422792132957303
590.334;0.4387148857317862
590.663;0.4351724693692663
590.992;0.4316524869543612
591.321;0.42815413393576157
591.649;0.424680811047444
591.978;0.4212309056860947
592.307;0.41780591279278073
592.636;0.4144052225589939
592.964;0.4110320168813054
593.293;0.4076843201056436
593.622;0.40436120164829753
593.95;0.40106213547397407
594.279;0.3977916056967321
594.608;0.39454777677893316
594.936;0.39133025993882026
595.265;0.388139057647246
595.594;0.38497639755629626
595.922;0.38183985729497066
596.251;0.3787311224443926
596.579;0.3756495040108995
596.908;0.3725967402587656
597.236;0.3695722846035973
597.565;0.36657800810586405
597.893;0.36361079427774007
598.222;0.36066981224249534
598.55;0.3577553758559315
598.879;0.35486684856257417
599.207;0.35200615192432555
599.536;0.34917287969556937
599.864;0.3463659489054817
600.193;0.3435903344344941
600.521;0.34084030740446875
600.849;0.3381174581652697
601.178;0.3354201862368634
601.506;0.33274808915504167
601.835;0.33010137877292695
602.163;0.32748008851441596
602.491;0.3248855717474049
602.819;0.32231653735711163
603.148;0.31977459860647056
603.476;0.31725871286795587
603.804;0.31476955842266396
604.133;0.31230547132625247
604.461;0.3098689005808031
604.789;0.3074609530642496
605.117;0.305082741919128
605.446;0.30273169751853485
605.774;0.30040967022696696
606.102;0.2981161616443153
606.43;0.2958532594586663
606.758;0.2936208076520774
607.086;0.29141887206977446
607.414;0.28924927590546556
607.743;0.28711151283262304
608.071;0.2850060700319172
608.399;0.282935836001377
608.727;0.28089884974493945
609.055;0.2788982631667487
609.383;0.27693396890326066
609.711;0.2750089756743716
610.039;0.27312554940068434
610.367;0.2712846798034337
610.695;0.2694847959561469
611.023;0.26772986386782116
611.351;0.26602056150933884
611.679;0.2643591136645413
612.007;0.262747948190874
612.335;0.2611906645672795
612.663;0.2596871884604244
612.991;0.2582363298084959
613.319;0.25684274383067435
613.646;0.2555083706493016
613.974;0.25424096337588126
614.302;0.25303619963050256
614.63;0.25189263478741364
614.958;0.25081246373845106
615.286;0.24979648649077293
615.613;0.24884566907173916
615.941;0.24796413657801217
616.269;0.24714940543232242
616.597;0.24640293464311924
616.924;0.24572283293731595
617.252;0.24511165869102114
617.58;0.2445686409360866
617.908;0.2440947585917753
618.235;0.2436899726030468
618.563;0.24335310886372868
618.891;0.24308312880232458
619.218;0.24287986294888889
619.546;0.24274334977007786
619.873;0.24267537549862075
620.201;0.24267399659754757
620.529;0.24273941468414748
620.856;0.24286940336339624
621.184;0.24306336390237324
621.511;0.2433203123915964
621.839;0.24363915565549865
622.166;0.24401928519093757
622.494;0.24445863165289924
622.821;0.2449559612963245
623.149;0.2455101055425864
623.476;0.24612037264873393
623.804;0.24678361785072858
624.131;0.247497759862421
624.459;0.24826151338941474
624.786;0.24907644344113575
625.114;0.24993842041622927
625.441;0.25084705359777104
625.768;0.2517992903477205
626.096;0.2527928540889966
626.423;0.2538264988131155
626.75;0.2548986882864273
627.078;0.2560052911414192
627.405;0.2571468604316354
627.732;0.25832053389871845
628.06;0.2595245044664071
628.387;0.26075772955855175
628.714;0.26201750879346974
629.041;0.26329907224362303
629.369;0.2646040905951119
629.696;0.26592958249151505
630.023;0.267272645770305
630.35;0.26862829078658423
630.677;0.26999711102305
631.005;0.2713789426623513
631.332;0.2727703199119157
631.659;0.274170278161928
631.986;0.275576663793961
632.313;0.2769898582226067
632.64;0.27840637501779336
632.967;0.2798176072104213
633.294;0.28122805742663176
633.621;0.2826350807194045
633.949;0.2840376547449097
634.276;0.2854332132879593
634.603;0.28682114039848133
634.93;0.28820039165779376
635.257;0.28956906955167205
635.584;0.2909265095685996
635.91;0.2922730027925113
636.237;0.2936075121773441
636.564;0.29492794087759017
636.891;0.29623525652051147
637.218;0.29752824261056116
637.545;0.2988072597456525
637.872;0.30006962300775514
638.199;0.30131643286036613
638.526;0.3025455517193515
638.853;0.3037585039552432
639.179;0.304954980731589
639.506;0.30613397365495953
639.833;0.3072964044569325
640.16;0.3084415901698921
640.487;0.3095697143442653
640.813;0.31068050569290934
641.14;0.3117745815108265
641.467;0.31285603356860764
641.794;0.3139218235945963
642.12;0.3149722661061749
642.447;0.3160086800664391
642.774;0.31703188810574234
643.1;0.3180434497436234
643.427;0.3190447369335762
643.754;0.3200311754620229
644.08;0.32100801872949086
644.407;0.3219750894330463
644.733;0.3229326754324563
645.06;0.32388038155324267
645.387;0.32482020363100295
645.713;0.3257509270604447
646.04;0.32667104728689567
646.366;0.3275806572896137
646.693;0.3284744341092843
647.019;0.32935874532056264
647.346;0.3302320354603626
647.672;0.3310947584645844
647.999;0.3319455771090489
648.325;0.33278463157819504
648.651;0.3336100057067367
648.978;0.33442325163587255
649.304;0.33522341464883376
649.631;0.3360125082763752
649.957;0.33678912388251153
650.283;0.33755481133106857
650.61;0.33830921823507804
650.936;0.33905056968018776
651.262;0.33977956404147086
651.589;0.3404963979231689
651.915;0.3412002775924172
652.241;0.34189181750102465
652.568;0.342568102560453
652.894;0.34323187403406835
653.22;0.3438828919944349
653.546;0.3445208060384259
653.873;0.3451450004620431
654.199;0.34575562557931266
654.525;0.3463544464700648
654.851;0.34693985379191067
655.177;0.34751396923933814
655.503;0.3480752575818465
655.83;0.34862348083590794
656.156;0.3491595117341666
656.482;0.349684213152555
656.808;0.35019783620982353
657.134;0.3507002635732181
657.46;0.3511894905497645
657.786;0.35166729269733427
658.112;0.35213241611264556
658.438;0.35258330706339097
658.764;0.3530238418296937
659.09;0.35345502132791723
659.416;0.3538766109580183
659.742;0.35428998431989595
660.068;0.3546939269427871
660.394;0.35508858398922105
660.72;0.3554750258880564
661.046;0.35585285789584103
661.372;0.3562236512371851
661.698;0.35658891063100495
662.024;0.35694580500174755
662.349;0.3572955272286255
662.675;0.35763802085857216
663.001;0.3579735872924453
663.327;0.35830393335006977
663.653;0.35862895681855056
663.978;0.35895023356865874
664.304;0.3592677197364858
664.63;0.3595817514876373
664.956;0.35989103530607414
665.282;0.3601964898236736
665.607;0.3605005169722901
665.933;0.3608010606193005
666.259;0.36109870803221866
666.584;0.3613946514927627
666.91;0.361690765202097
667.236;0.3619851967476363
667.561;0.3622785390661723
667.887;0.3625715853520786
668.213;0.3628627458731644
668.538;0.3631525424451372
668.864;0.3634405908453823
669.189;0.36372707150095024
669.515;0.3640101628655444
669.84;0.3642915379822434
670.166;0.3645700043317823
670.491;0.3648437329531909
670.817;0.3651112204750263
671.142;0.3653757617516294
671.468;0.3656345771350202
671.793;0.36588787993993316
672.119;0.3661345057284078
672.444;0.36637307488874443
672.77;0.36660356133285643
673.095;0.3668248216689047
673.42;0.36703740088985554
673.746;0.367239943487566
674.071;0.3674291158113331
674.397;0.3676052586196412
674.722;0.36776708266518576
675.047;0.36791239719658586
675.373;0.3680406941110397
675.698;0.3681483350850455
676.023;0.3682351191188815
676.348;0.36830476235037557
676.674;0.36834922183151186
676.999;0.36836761427115056
677.324;0.36835786737632176
677.649;0.36831978790476355
677.974;0.36824842875523794
678.3;0.3681439931143218
678.625;0.3680050221208081
678.95;0.36782834118316377
679.275;0.36761139255216896
679.6;0.3673488511855717
679.925;0.3670436983227947
680.25;0.36669370511443355
680.576;0.36629872837539246
680.901;0.3658566238250106
681.226;0.36536453662601315
681.551;0.364822722506978
681.876;0.3642290727652638
682.201;0.36358223406374707
682.526;0.3628830039092852
682.851;0.362129156763344
683.176;0.3613210122213409
683.501;0.3604589821856707
683.826;0.35954166248637703
684.151;0.35856802997959947
684.476;0.35753924197002585
684.8;0.35645396206745755
685.125;0.35531395974349717
685.45;0.35411817732994316
685.775;0.35286774185670244
686.1;0.3515601959031292
686.425;0.35019944492532357
686.75;0.34878661478389344
687.074;0.3473214223958959
687.399;0.34580472801297363
687.724;0.34423608963389873
688.049;0.34261702329289295
688.373;0.34095150936364255
688.698;0.33923803773903666
689.023;0.33747683002933765
689.348;0.33567069289362694
689.672;0.33382217142676807
689.997;0.3319310211653829
690.322;0.3299968618187897
690.646;0.328023966504626
690.971;0.32601645793672934
691.296;0.32397465568535844
691.62;0.3218986395215643
691.945;0.31979099830947083
692.269;0.3176530547962827
692.594;0.31548617750873725
692.919;0.3132919900664686
693.243;0.31107222932595235
693.568;0.30882878884299686
693.892;0.30656260302456406
694.217;0.30427488910103084
694.541;0.3019705190729509
694.866;0.29965025434507797
695.19;0.2973160594875792
695.514;0.29497017628058525
695.839;0.29261260936792655
696.163;0.29024610912913096
696.488;0.28787192619119556
696.812;0.2854923555201944
697.136;0.2831082320630294
697.461;0.28072244100908345
697.785;0.27833608930117265
698.11;0.2759521674502803
698.434;0.2735735514538352
698.758;0.27120095271932787
699.082;0.26883521690352635
699.407;0.26647651021418056
699.731;0.2641288681030814
700.055;0.2617931336013827
700.379;0.25946918524980545
700.704;0.25715946353917724
701.028;0.2548642644331149
701.352;0.25258594992688926
701.676;0.2503249373109853
702.0;0.2480825070538234
702.325;0.24585840939583042
702.649;0.243654513000616
702.973;0.24147152665646424
703.297;0.23931229254629416
703.621;0.23717298589027386
703.945;0.23505419434886138
704.269;0.232957472649199
704.593;0.23088314550123085
704.917;0.22883141504998547
705.241;0.2268039553660016
705.565;0.22480086764027551
705.889;0.2228216657070446
706.213;0.22086497549460116
706.537;0.21893188627989418
706.861;0.21701952625759027
707.185;0.2151284031303963
707.509;0.2132587678699271
707.833;0.21140983518084397
708.157;0.209581090992506
708.481;0.20777023283762064
708.805;0.20597558465063168
709.128;0.20420203041607615
709.452;0.20244517441501403
709.776;0.20070358400832555
710.1;0.19897789755434664
710.424;0.19726906434060362
710.748;0.1955745564706349
711.071;0.19389444757488047
711.395;0.19222963407509383
711.719;0.190581365017702
712.042;0.18894968091183578
712.366;0.18733272944495985
712.69;0.18573186784905638
713.014;0.18414558386919397
713.337;0.18257609957271223
713.661;0.18102172014643833
713.985;0.17948180371555716
714.308;0.1779596718126814
714.632;0.1764538699382391
714.955;0.17496351156002815
715.279;0.1734889569646883
715.603;0.17203035733915456
715.926;0.1705870210014387
716.25;0.16916021716906104
716.573;0.1677504570609958
716.897;0.16635747699412257
717.22;0.16498023985776208
717.544;0.16361823294765362
717.867;0.16227295603703726
718.191;0.16094383470639448
718.514;0.15963385743726344
718.837;0.1583409767041409
719.161;0.1570647784697341
719.484;0.1558055457186303
719.808;0.15456280430125308
720.131;0.1533361686427467
720.454;0.15212539511334403
720.778;0.1509278219460553
721.101;0.14974531796174145
721.424;0.14857731891220688
721.748;0.14742340179987204
722.071;0.14628276463400164
722.394;0.1451561660317686
722.717;0.1440444495573625
723.041;0.14294531946957237
723.364;0.14186012393840128
723.687;0.1407899413027599
724.01;0.13973112153142678
724.334;0.13868284400066572
724.657;0.1376456519914153
724.98;0.13661854580793434
725.303;0.13560010353405164
725.626;0.134590255881736
725.949;0.13358864620206246
726.272;0.132595856198136
726.595;0.1316117156195772
726.919;0.13063441148150026
727.242;0.12966536994322958
727.565;0.1287042732473258
727.888;0.1277499744528975
728.211;0.12680275661290935
728.534;0.12586244521259002
728.857;0.12492870297508342
729.18;0.1239991034188056
729.503;0.1230750502289809
729.826;0.12215582451189021
730.148;0.1212420652581082
730.471;0.1203306500289716
730.794;0.11942143890454682
731.117;0.11851559247676964
731.44;0.11761308091459759
731.763;0.11671297332103343
732.086;0.11581390355295919
732.409;0.11491912576660834
732.731;0.11402654764558211
733.054;0.11313500819371901
733.377;0.11224656156281829
733.7;0.11135972964322272
734.022;0.11047560809189175
734.345;0.10959355020708049
734.668;0.10871323618395003
734.991;0.10783271908403742
735.313;0.10695393251186039
735.636;0.1060756437341427
735.959;0.10519901125818613
736.281;0.10432493929646645
736.604;0.10345350226525982
736.927;0.10258429919946772
737.249;0.10171740972438234
737.572;0.1008525325305105
737.894;0.09998993310293407
738.217;0.09912821999654871
738.54;0.09826785351577151
738.862;0.09740941924336496
739.185;0.09655312599630889
739.507;0.0956996938717844
739.83;0.09484788592556452
740.152;0.09399824134336467
740.475;0.09315039255315759
740.797;0.09230433464517732
741.119;0.09146049023650567
741.442;0.09061457994739379
741.764;0.08977147975487218
742.087;0.08893208412148015
742.409;0.08809472379873536
742.731;0.08725884118486484
743.054;0.08642704531847524
743.376;0.08559619879729015
743.698;0.08476721763085646
744.021;0.0839406402407163
744.343;0.08311793697700043
744.665;0.08229834801526068
744.988;0.08147762564429163
745.31;0.08066105373679955
745.632;0.07984523630316531
745.954;0.07903309902098189
746.277;0.078224809639163
746.599;0.07741717145451268
746.921;0.07661344617893007
747.243;0.07581277717433636
747.565;0.07501564728815584
747.887;0.07422186429880807
748.21;0.07343273824776582
748.532;0.07264646606940711
748.854;0.07186347328369777
749.176;0.07108581013423196
749.498;0.0703143368560736
749.82;0.06954826441204062
750.142;0.06878601664545868
750.464;0.06802822354058938
750.786;0.06727460491578531
751.108;0.06652745489169962
751.43;0.06578428345035522
751.752;0.06504518368043491
752.074;0.06431070014435605
752.396;0.06358109209321347
752.718;0.06285620728072722
753.04;0.062137560109067035
753.361;0.06142293412026832
753.683;0.06071397792616141
754.005;0.060009561320127594
754.327;0.05931126393157168
754.649;0.05861894209087802
754.971;0.05793179244098338
755.293;0.05724897586810191
755.614;0.05657140753286394
755.936;0.05589554556804625
756.258;0.05522392647956003
756.58;0.054558778102431656
756.901;0.05389839271548446
757.223;0.053243338425279806
757.545;0.05259381485382437
757.866;0.051950648111457935
758.188;0.05131348627173858
758.51;0.05068290302475619
758.831;0.05005877452364006
759.153;0.04944218446196941
759.475;0.04883147384023097
759.796;0.04822588625903855
760.118;0.04762575474187263
760.439;0.047031450379781806
760.761;0.046443698346445565
761.082;0.04586240546155248
761.404;0.04528790290112446
761.726;0.04471989205919362
762.047;0.044158861542661264
762.368;0.043603868097199495
762.69;0.04305521356470166
763.011;0.04251171526042433
763.333;0.04197400373005391
763.654;0.04144162527687849
763.976;0.04091544432101314
764.297;0.040393706962342686
764.618;0.039877025874177324
764.94;0.03936611592789247
765.261;0.038862721783239504
765.583;0.038365433322760385
765.904;0.03787468268689075
766.225;0.03738950013894734
766.546;0.03691071190732798
766.868;0.03643825609976699
767.189;0.03597327103753704
767.51;0.03551370003411175
767.831;0.03505974672155407
768.153;0.03461251386896347
768.474;0.034174380686908264
768.795;0.03374586343389167
769.116;0.03332338864496061
769.437;0.03290732571264181
769.759;0.032498618007467416
770.08;0.032094493732612375
770.401;0.03169562170741666
770.722;0.031303053271130234
771.043;0.030915575203908547
771.364;0.030534092534041136
771.685;0.03015781385433888
772.006;0.029787543116021963
772.327;0.029423856559955667
772.648;0.029065992664441025
772.969;0.028714414537046932
773.29;0.028369425906742664
773.611;0.028032561180693995
773.932;0.02770109822973993
774.253;0.027374684076991555
774.574;0.027054366333414365
774.895;0.02673942104383248
775.216;0.02642751546421394
775.537;0.026120714298019616
775.858;0.025819056881690727
776.178;0.025521777226599547
776.499;0.025228068750244238
776.82;0.024939641943850323
777.141;0.02465892689393172
777.462;0.024382700370499687
777.782;0.024113230819191426
778.103;0.02384722365981
778.424;0.023586461645521747
778.745;0.023328333319196874
779.065;0.02307280161228552
779.386;0.02282179762693948
779.707;0.022575455809571047
780.027;0.022334812545085816
780.348;0.022097412050556195
780.669;0.021864719254655995
780.989;0.021637014365356068
781.31;0.021411931836320584
781.631;0.021189713243561357
781.951;0.020971716223392396
782.272;0.02075670941146077
782.592;0.020546572962417436
782.913;0.02034046230627485
783.233;0.02013533194271421
783.554;0.019933096501047784
783.874;0.019733864943768217
784.195;0.01953757230565638
784.515;0.019342259892331824
784.836;0.019149746006485842
785.156;0.018959003237111735
785.477;0.01877305253559286
785.797;0.01858961857507756
786.117;0.018409450799851915
786.438;0.018230820263226834
786.758;0.018054174816528643
787.079;0.01787951226469228
787.399;0.017709064818944603
787.719;0.01754248783547689
788.039;0.017377090164019615
788.36;0.01721422121024017
788.68;0.017052357541715593
789.0;0.016892882882581978
789.321;0.016736317845509763
789.641;0.016582307703818366
789.961;0.016431098536676212
790.281;0.01628517902189696
790.601;0.016142714648772746
790.922;0.016001973557508292
791.242;0.015862437540026215
791.562;0.015724159364697527
791.882;0.015587956586436347
792.202;0.015452394584822534
792.522;0.015318966976702158
792.842;0.0151873574658234
793.162;0.015056129308785839
793.482;0.014925369684481644
793.802;0.014796166259365065
794.122;0.014667732097412987
794.442;0.014540873255612385
794.762;0.014415357368337338
795.082;0.014292087667847614
795.402;0.014171316351835763
795.722;0.014053755061154074
796.042;0.013938255949428302
796.362;0.013826918612247581
796.682;0.013718619484807803
797.002;0.013610863896721032
797.322;0.01350427267800555
797.642;0.013398933692862542
797.962;0.013295415334444751
798.281;0.01319303912679947
798.601;0.013091835953481868
798.921;0.012992098265601973
799.241;0.012893586501497854
799.561;0.012798479320361093
799.88;0.012705127464987812
800.2;0.01261467880458002
800.52;0.01252698196815078
800.839;0.012437686887217938
801.159;0.012349384409165338
801.479;0.012262636639717477
801.799;0.012176466080546046
802.118;0.01209280570504234
802.438;0.012010666933093782
802.757;0.01192942657463227
803.077;0.011849892883934362
803.397;0.011772032385833815
803.716;0.011695595180189667
804.036;0.01162066253869875
804.355;0.011545601410002144
804.675;0.011471085599262945
804.994;0.011396597489276907
805.314;0.011322131802015233
805.633;0.011247633633627026
805.953;0.011175708086336902
806.272;0.011104091271423384
806.592;0.011032090166205051
806.911;0.010960755626841684
807.231;0.010890447838069358
807.55;0.01082082618234266
807.869;0.010751145987433472
808.189;0.010682963073832485
808.508;0.01061421103600832
808.827;0.010544517006267665
809.147;0.010474977850486976
809.466;0.010408157805944082
809.785;0.01033948120730149
810.105;0.010271730903137658
810.424;0.010201592789760813
810.743;0.010135591231196846
811.062;0.010071847736042304
811.382;0.010007857163866169
811.701;0.009944394840956088
812.02;0.009879855561193767
812.339;0.009816820377112736
812.658;0.009752202842199695
812.977;0.00968754896223329
813.296;0.00962395915521418
813.616;0.00955994891971663
813.935;0.009494725976012633
814.254;0.009430925030045263
814.573;0.009367009372701112
814.892;0.009304171008322593
815.211;0.00924076856745959
815.53;0.009177533627795045
815.849;0.009114695235292316
816.168;0.009052499283637796
816.487;0.008990428741150953
816.806;0.008928489821586262
817.125;0.008866795109791622
817.444;0.008803679253308274
817.763;0.008740443899036799
818.082;0.008676874420574536
818.4;0.008615189704630878
818.719;0.008553639939163638
819.038;0.008490243541191302
819.357;0.008427724212235074
819.676;0.008367192056780333
819.995;0.00830799073262385
820.313;0.008249543180279421
820.632;0.008192905084795794
820.951;0.008136986417285486
821.27;0.008080123949435223
821.588;0.008023534910880875
821.907;0.00796829579736484
822.226;0.007913201139882853
822.545;0.007857639102548058
822.863;0.007802966290294725
823.182;0.00774796618972733
823.501;0.007693874587690359
823.819;0.007640626807515873
824.138;0.007587888326348507
824.456;0.007536009441438929
824.775;0.007485213156283563
825.093;0.007435601426899334
825.412;0.0073876527813409466
825.731;0.007340107836820593
826.049;0.00729384240815254
826.368;0.007248565628504011
826.686;0.007203054116506205
827.005;0.007158929322733595
827.323;0.007116369988427144
827.641;0.007074285294043753
827.96;0.0070334266697773306
828.278;0.006993772744039062
828.597;0.006956334552768761
828.915;0.006920252325613984
829.233;0.006885722784398648
829.552;0.006851937646404199
829.87;0.006818039177025744
830.188;0.0067863292708492465
830.507;0.00675505042256477
830.825;0.006725066838998955
831.143;0.006696650751282428
831.462;0.006668096845691705
831.78;0.006641023903597033
832.098;0.006614139479214914
832.416;0.006587122678965819
832.735;0.006559691025557421
833.053;0.0065325629162718305
833.371;0.006505040427824589
833.689;0.006478731494593762
834.007;0.0064519505721064895
834.325;0.006425124093067709
834.643;0.006399350049169521
834.961;0.006374250809346876
835.28;0.006349463834004403
835.598;0.006324488141855429
835.916;0.006299181869589237
836.234;0.006275019424531229
836.552;0.006252007915008062
836.87;0.006229292158408396
837.188;0.006206972718680449
837.506;0.0061843440018349355
837.824;0.006159889285005046
838.142;0.006135730379518616
838.46;0.006111389272295799
838.777;0.006086576591959438
839.095;0.006061462701650405
839.413;0.0060374657613430326
839.731;0.006015206092860212
840.049;0.0059928526061601445
840.367;0.005971738469657245
840.685;0.005950132719293613
841.002;0.005927733016950496
841.32;0.005903092704836054
841.638;0.005877965875115159
841.956;0.005850928419146851
842.273;0.005824307340023599
842.591;0.005796599139822642
842.909;0.0057710734242348355
843.227;0.005745519813460798
843.544;0.005719296359117217
843.862;0.0056930319796590365
844.18;0.005665164571351528
844.497;0.005639153099099747
844.815;0.005612251065098768
845.132;0.005584449583953516
845.45;0.005557939317853237
845.768;0.00553004143884966
846.085;0.005502435937706067
846.403;0.0054764574539817425
846.72;0.005449564576024971
847.038;0.005422402865888126
847.355;0.0053944338645301295
847.673;0.005366341673115475
847.99;0.005338315686132781
848.308;0.005310113771971542
848.625;0.005281868366560598
848.943;0.005254266243976187
849.26;0.005228746315248143
849.577;0.005202703754256317
849.895;0.0051771712649722286
850.212;0.005151143434443341
850.529;0.0051227335870165595
850.847;0.005096433991445571
851.164;0.005070774049460459
851.481;0.005043024330941325
851.799;0.005016082176940704
852.116;0.004990908194844755
852.433;0.004965634591835382
852.75;0.0049408864984978795
853.068;0.0049176840193187405
853.385;0.0048946797993671045
853.702;0.004872056691420282
854.019;0.00485046513933124
854.336;0.004828809343983623
854.653;0.004806757972792078
854.971;0.004786542275199234
855.288;0.004767258353974719
855.605;0.004750145221189662
855.922;0.004733633954869829
856.239;0.004717333972356443
856.556;0.004701688232264521
856.873;0.0046865322416262765
857.19;0.004671085047194443
857.507;0.004657654922188269
857.824;0.004645057708230053
858.141;0.004632909882895812
858.458;0.004622033802235188
858.775;0.004611386033713332
859.092;0.004601961081374981
859.409;0.004592532023856038
859.726;0.004582740006785374
860.043;0.004572031079822428
860.359;0.0045588837853295355
860.676;0.004545310515692926
860.993;0.0045320279151722246
861.31;0.0045193073556532674
861.627;0.004509610236748145
861.944;0.004499265510456501
862.26;0.004490853318002887
862.577;0.004481977543099736
862.894;0.004473922152956596
863.211;0.004467227012507019
863.527;0.004460313712015236
863.844;0.004453018516066207
864.161;0.004445955423091608
864.477;0.004439862622293031
864.794;0.004434229615385808
865.111;0.004428422784047818
865.427;0.004421478364255415
865.744;0.004413848479406978
866.06;0.0044060677926762905
866.377;0.00439725652749664
866.693;0.004388653496103701
867.01;0.004379904616184282
867.327;0.004370432296540513
867.643;0.004361260969078958
867.96;0.004351353622799395
868.276;0.004340878668673292
868.593;0.004331499160336663
868.909;0.004321517144292342
869.225;0.004313363527317143
869.542;0.004305476945274078
869.858;0.004297261430154112
870.175;0.004289550554056438
870.491;0.004282109189356928
870.807;0.004275555803905447
871.124;0.004268362119017696
871.44;0.004259124253023451
871.756;0.004249475185408657
872.073;0.004238857997696287
872.389;0.004229177192260211
872.705;0.004220240836918701
873.021;0.004211518346560691
873.338;0.00420392254125761
873.654;0.004196887817767277
873.97;0.004190296231541577
874.286;0.004185478418015655
874.602;0.004177629903593796
874.918;0.004168922297137185
875.235;0.004160210718705963
875.551;0.004152077650090723
875.867;0.004145842978195634
876.183;0.004138373836897645
876.499;0.004132352214807825
876.815;0.004127256374923106
877.131;0.00412301903646483
877.447;0.004119926820358223
877.763;0.004115572905162741
878.079;0.004109499650527872
878.395;0.00410349959308285
878.711;0.004096612278085506
879.027;0.0040909395125561365
879.343;0.004085967253500934
879.659;0.004080744632506384
879.975;0.0040759260226046635
880.291;0.0040723976365683
880.607;0.004069697292067089
880.922;0.004067251458699407
881.238;0.004065818728744889
881.554;0.004064142421934692
881.87;0.004063072899988854
882.186;0.004064299697733562
882.501;0.004065396017386054
882.817;0.0040681551240507405
883.133;0.00407075792962418
883.449;0.004073319681379028
883.764;0.0040739211016704155
884.08;0.004074369667436292
884.396;0.004074616265393032
884.711;0.004075340188472368
885.027;0.00407857799966982
885.343;0.004082057247476236
885.658;0.004084613757112281
885.974;0.0040876326626318234
886.29;0.004091289544665995
886.605;0.004093538461776697
886.921;0.004095890937560301
887.236;0.004096547015999795
887.552;0.004096962463369002
887.867;0.0040980663909103
888.183;0.004098701901763678
888.498;0.004098844441008681
888.814;0.004099661368768933
889.129;0.004099383008521269
889.445;0.004099068528902424
889.76;0.004098504337590686
890.075;0.004098175115115187
890.391;0.004098198049530596
890.706;0.004097143507352091
891.021;0.004096458475917279
891.337;0.004095625889118634
891.652;0.004096082452539844
891.967;0.00409779517373407
892.283;0.004100684048182657
892.598;0.004103173574277403
892.913;0.004104092384698603
893.229;0.004103716994142265
893.544;0.004105110566728836
893.859;0.0041049798723291715
894.174;0.004101787171138644
894.489;0.004097988078187055
894.804;0.004093233155680379
895.12;0.004087734008549465
895.435;0.004082043985880683
895.75;0.004075518817375406
896.065;0.004067214854490234
896.38;0.0040582777690316455
896.695;0.0040494732689150435
897.01;0.0040415504070180465
897.325;0.00403336274842015
897.64;0.0040260879618519586
897.955;0.004020322057111577
898.27;0.0040146860501832065
898.585;0.004009582387850066
898.9;0.0040045007155734315
899.215;0.003999271521989204
899.53;0.003996120136368346
899.845;0.0039938884462602
900.16;0.003990253915977817
900.475;0.003987113535554414
900.79;0.0039838164946219565
901.104;0.003982206102580297
901.419;0.003980115848093681
901.734;0.003977966804749431
902.049;0.003976478588227425
902.364;0.00397516255163817
902.678;0.003973443201764752
902.993;0.003971498648563012
903.308;0.003969731204497937
903.623;0.003969847940446744
903.937;0.003970146312311062
904.252;0.0039716895027561445
904.567;0.003974760084516534
904.881;0.003978009161285442
905.196;0.003982515129122318
905.511;0.003988442410446102
905.825;0.003994210133408401
906.14;0.0040009980586298574
906.454;0.004008115705518212
906.769;0.004016566134338261
907.084;0.004025305701861959
907.398;0.004034335269081918
907.713;0.0040437674810668
908.027;0.004052019437159025
908.342;0.004061870994496171
908.656;0.004071860494703983
908.97;0.0040823791055941815
909.285;0.004095624391756289
909.599;0.004109253202884681
909.914;0.00412240897007245
910.228;0.004136213643550706
910.542;0.004149743915461795
910.857;0.0041633327974220135
911.171;0.0041779681875716845
911.485;0.004191378231418674
911.8;0.004204140296438375
912.114;0.004217259574773878
912.428;0.004229462938210165
912.743;0.0042398248910806464
913.057;0.004250287377285802
913.371;0.004260160885061928
913.685;0.004270747839889302
913.999;0.004285088319835298
914.314;0.0042981696365317745
914.628;0.004311994547838514
914.942;0.0043259618085121476
915.256;0.0043398996450703
915.57;0.0043531364044077075
915.884;0.0043675279632067725
916.198;0.004382788341625844
916.512;0.004395971849872844
916.827;0.0044087667183616685
917.141;0.004421795751313276
917.455;0.004433368228182871
917.769;0.004442670111912401
918.083;0.0044517559904646755
918.397;0.004460648338045654
918.711;0.004469126554268963
919.024;0.0044757407085009365
919.338;0.00448189934721641
919.652;0.004489199297903947
919.966;0.004495062018817104
920.28;0.004499999276319113
920.594;0.004504977829899816
920.908;0.004509497242483848
921.222;0.004514446224919331
921.535;0.0045192176846175465
921.849;0.004523843680683067
922.163;0.004528697983590899
922.477;0.004533875480860691
922.79;0.004538337188878481
923.104;0.004541871568495458
923.418;0.004545937640978208
923.732;0.004548909125645113
924.045;0.004550098380488959
924.359;0.004551139580883498
924.673;0.0045525777127510296
924.986;0.00455119146490449
925.3;0.004548813604933608
925.614;0.004548412267335137
925.927;0.004547911540649315
926.241;0.004547100666107821
926.554;0.004546773884029454
926.868;0.0045450233881612545
927.181;0.00454397397375097
927.495;0.004543886808576634
927.808;0.004543503277784247
928.122;0.00454273298588822
928.435;0.004543051226894409
928.749;0.004545108832303721
929.062;0.0045481236826412546
929.376;0.004549482276820163
929.689;0.004551566827389589
930.002;0.004553420270666186
930.316;0.004553717223132061
930.629;0.0045543341999753325
930.942;0.004554382759249184
931.256;0.00455442983630857
931.569;0.004555979343948003
931.882;0.004556905230599306
932.195;0.0045591733003467
932.509;0.004558924247692384
932.822;0.00455961631891765
933.135;0.004560404432237992
933.448;0.004561634830675432
933.762;0.004563369709029489
934.075;0.004565392179997416
934.388;0.004567346584986412
934.701;0.004571137944470115
935.014;0.004575433090245971
935.327;0.0045792562008450674
935.64;0.004582564102699399
935.953;0.004585448277333775
936.266;0.004588482423206508
936.58;0.004589190452296465
936.893;0.004589782575657799
937.206;0.004591004837831536
937.519;0.004592304168219197
937.832;0.004593660809646088
938.144;0.004594982614027848
938.457;0.004597623110591186
938.77;0.0045997027746461664
939.083;0.004602154693276195
939.396;0.004605127277223475
939.709;0.004607504074989208
940.022;0.004610116975669298
940.335;0.004612039590613916
940.648;0.0046134760598165745
940.96;0.004617022122948702
941.273;0.004622002179347103
941.586;0.004627465245400247
941.899;0.004632960171093261
942.211;0.004638596139993048
942.524;0.004644303542996915
942.837;0.004651186261725848
943.15;0.0046581398586953374
943.462;0.004664132229016504
943.775;0.004669930605084974
944.088;0.00467648096525119
944.4;0.004683253895557432
944.713;0.0046909184964798395
945.025;0.0046994352457773
945.338;0.004704846040214473
945.651;0.004710059841013377
945.963;0.0047146051534480826
946.276;0.004719695579343856
946.588;0.004725310434857276
946.901;0.004732109334027072
947.213;0.00473956149450199
947.526;0.004746745116008887
947.838;0.00475422949792489
948.151;0.004760048780552944
948.463;0.004765585890170321
948.775;0.00477069957006993
949.088;0.004776314463770833
949.4;0.004781875068433961
949.713;0.004788051605319462
950.025;0.004794867010219822
950.337;0.004802420842079879
950.65;0.004810390755772143
950.962;0.004818249630547395
951.274;0.004827955375797713
951.586;0.0048381798335603
951.899;0.00484827621634072
952.211;0.004859151131091499
952.523;0.004869946601477285
952.835;0.004879996940325904
953.147;0.004889618078062653
953.46;0.004899622055615556
953.772;0.004908416425827762
954.084;0.0049160792435378525
954.396;0.004923299653094066
954.708;0.004928986885428571
955.02;0.00493446703034227
955.332;0.004940282049531489
955.644;0.004945792241583315
955.956;0.004951288337900025
956.268;0.0049571949440665826
956.58;0.00496184488564182
956.892;0.004966056893989681
957.204;0.004973101611159442
957.516;0.004980252653608245
957.828;0.004986021597351722
958.14;0.004992985864411612
958.452;0.005000023013151197
958.764;0.0050070342851856455
959.076;0.005014079261987902
959.388;0.005022221395813052
959.699;0.00502955676668602
960.011;0.005037101805468308
960.323;0.005043308563904377
960.635;0.005048437994577072
960.947;0.005051722524793182
961.258;0.005053730944781083
961.57;0.0050564562547843715
961.882;0.005060291821652206
962.194;0.005063212572901195
962.505;0.005065121756869454
962.817;0.005064549665569113
963.129;0.005064303320412431
963.44;0.005062883844479528
963.752;0.005062541712146414
964.063;0.005060282802097786
964.375;0.005057680113099442
964.687;0.005054575447503567
964.998;0.005050893601556255
965.31;0.005046041522579219
965.621;0.005041292142818441
965.933;0.005036050471567778
966.244;0.005030265395123446
966.556;0.005023518076752284
966.867;0.0050160910005260856
967.179;0.005008400394406407
967.49;0.004999555525462449
967.801;0.004992397080786401
968.113;0.0049847793741425285
968.424;0.004976594685164098
968.736;0.004968857914777034
969.047;0.004961535223577506
969.358;0.0049551317355846876
969.67;0.00494930504018943
969.981;0.004944064466471308
970.292;0.0049380198270764725
970.603;0.004932582595674569
970.915;0.004928225120463175
971.226;0.004922973836666374
971.537;0.00491725756240898
971.848;0.004910651839771347
972.16;0.004902638695997842
972.471;0.004894121686273419
972.782;0.004885089846236334
973.093;0.004876665829169863
973.404;0.004868784347618246
973.715;0.004857842475384754
974.026;0.00484706502180971
974.337;0.0048374342411251405
974.648;0.004829367261267164
974.959;0.004822311743078497
975.27;0.004815352857275425
975.581;0.004809988075573904
975.892;0.004804817093956834
976.203;0.004800115349873131
976.514;0.004795490582374585
976.825;0.0047906449549101355
977.136;0.004785710520527495
977.447;0.004780609662776114
977.758;0.004775852941008847
978.069;0.004770400491392959
978.38;0.004765708829863295
978.691;0.004758747009185538
979.001;0.0047512983908245
979.312;0.004745235477210941
979.623;0.004739811214828116
979.934;0.004734482951956822
980.244;0.004729569444154385
980.555;0.004726345544640044
980.866;0.004723348263668269
981.177;0.004720340271346666
981.487;0.0047179841595959005
981.798;0.004716475139424542
982.109;0.004714967948332842
982.419;0.00471359354760912
982.73;0.0047120905123321805
983.04;0.004710443891441504
983.351;0.004708887353227457
983.662;0.004705424385893144
983.972;0.00470176319476465
984.283;0.004697507036711117
984.593;0.004692425000302824
984.904;0.004688247344320996
985.214;0.004683206402778864
985.525;0.004677965960465926
985.835;0.004672533099915076
986.146;0.004667028167460372
986.456;0.004662097671260925
986.766;0.004659161370822135
987.077;0.00465646614174839
987.387;0.004652804992303041
987.698;0.0046507699801641164
988.008;0.004649237373318238
988.318;0.0046454205767885795
988.628;0.004641510580615297
988.939;0.00463667926990726
989.249;0.004630865799879767
989.559;0.004625812224213756
989.87;0.0046213982588615395
990.18;0.004615720352799482
990.49;0.004608605590522401
990.8;0.004601549374630994
991.11;0.004592054662770472
991.42;0.004581157836668593
991.731;0.004569798155003413
992.041;0.004560447121656544
992.351;0.004550751049226084
992.661;0.004541448225215924
992.971;0.0045323351605145844
993.281;0.004523167243708758
993.591;0.004514575497749001
993.901;0.004505851146055883
994.211;0.004495593010749294
994.521;0.004485349622695425
994.831;0.004474616135515558
995.141;0.004465489152086812
995.451;0.00445576598937322
995.761;0.004445733325819574
996.071;0.004434967496492287
996.381;0.004423928571493132
996.691;0.004412693618771203
997.0;0.00440218257541078
997.31;0.004390473181859745
997.62;0.004378358377785087
997.93;0.004367297898204406
998.24;0.004356069149014787
998.549;0.0043446024653418115
998.859;0.0043317251123726405
999.169;0.00432011663832121
999.479;0.00430954903363554
999.788;0.004299553216286344
1000.098;0.004289511543559337
1000.408;0.0042793995174180465
1000.717;0.004269417084860076
1001.027;0.0042594397092036804
1001.337;0.00425070804574686
1001.646;0.004241289452603793
1001.956;0.004231490124828721
1002.265;0.004222914015397398
1002.575;0.004214515072092655
1002.884;0.004206021124905021
1003.194;0.004197158214521779
1003.503;0.004187209112960398
1003.813;0.004174883450914717
1004.122;0.004162514445973184
1004.432;0.004150422313397636
1004.741;0.004142222214950032
1005.051;0.004133148683930157
1005.36;0.0041230704429569475
1005.67;0.004113744461815214
1005.979;0.004104855327173094
1006.288;0.004096501894764373
1006.598;0.004086611464744027
1006.907;0.0040768754500631384
1007.216;0.00406742810508432
1007.525;0.0040569700976191185
1007.835;0.004047099354966117
1008.144;0.004038780352251747
1008.453;0.00403185527709273
1008.762;0.004024407642390333
1009.072;0.0040166270731881015
1009.381;0.004008202494855711
1009.69;0.004000986940405932
1009.999;0.003993542503971199
1010.308;0.003985671937365352
1010.617;0.003977551472101556
1010.926;0.003971339510422705
1011.236;0.003966535989766157
1011.545;0.003960755865618311
1011.854;0.0039543878710080055
1012.163;0.003947392466533599
1012.472;0.003940985903945468
1012.781;0.003934167442987406
1013.09;0.003926109446509028
1013.399;0.003918327976114047
1013.708;0.003910524121023289
1014.017;0.0039028720337302846
1014.325;0.0038950126576450454
1014.634;0.003888257183836991
1014.943;0.003881601961433015
1015.252;0.0038746106427541603
1015.561;0.0038677747452126017
1015.87;0.0038603632157398348
1016.179;0.0038542483949067863
1016.487;0.0038493917278708528
1016.796;0.0038455035706460566
1017.105;0.0038418730176347483
1017.414;0.0038370477339809595
1017.722;0.003831900037828698
1018.031;0.0038265535839990435
1018.34;0.0038233528821871657
1018.649;0.003819532036566431
1018.957;0.0038166343545277684
1019.266;0.0038140120495583694
1019.574;0.0038114593662972374
1019.883;0.0038094918608310158
1020.192;0.003809103246760677
1020.5;0.0038086904760637067
1020.809;0.003807592559157624
1021.117;0.0038074095587149965
1021.426;0.0038073642329832353
1021.734;0.003806366903435723
1022.043;0.0038066955734374327
1022.351;0.003806643223327916
1022.66;0.003807243622885443
1022.968;0.003806718482588726
1023.277;0.003807076932522126
1023.585;0.0038076560286562852
1023.893;0.0038066296404490694
1024.202;0.003805080940308004
1024.51;0.003803505479959226
1024.819;0.0038014625469636456
1025.127;0.0038006758657002904
1025.435;0.0037995139465245883
1025.743;0.0037974112823251248
1026.052;0.003792291334117495
1026.36;0.003786699368952932
1026.668;0.003781562538754186
1026.976;0.00377676939937205
1027.285;0.0037717762291493416
1027.593;0.003767323728180674
1027.901;0.003762619939769151
1028.209;0.0037589189309100157
1028.517;0.0037550801150344265
1028.825;0.003750228904147264
1029.134;0.0037456558069045645
1029.442;0.0037420444389442875
1029.75;0.003739586164455745
1030.058;0.0037349904714533196
1030.366;0.00373130057774616
1030.674;0.0037274161229061374
1030.982;0.003724069742001551
1031.29;0.003719537749476427
1031.598;0.0037149416770885383
1031.906;0.003709520584266561
1032.214;0.003702575950920869
1032.522;0.003696325277306396
1032.829;0.0036902869190370154
1033.137;0.0036826719152828562
1033.445;0.003674753290183497
1033.753;0.0036664808822857863
1034.061;0.0036580907118263337
1034.369;0.003649601905859928
1034.676;0.003642664858528665
1034.984;0.003635626758650706
1035.292;0.003627720792621552
1035.6;0.0036186395795624244
1035.907;0.0036125477625813846
1036.215;0.003605801414309923
1036.523;0.0035991222112806997
1036.831;0.0035913884508721305
1037.138;0.003581163440847608
1037.446;0.00357187029225257
1037.753;0.0035625723202768974
1038.061;0.003553135610643702
1038.369;0.003543555377259428
1038.676;0.0035343190011595184
1038.984;0.003524684904519933
1039.291;0.0035145927183899773
1039.599;0.003504182700670231
1039.906;0.0034943033230917684
1040.214;0.003484691720731727
1040.521;0.0034755114221783645
1040.829;0.003467507172062414
1041.136;0.003459736980427073
1041.444;0.0034530577624088655
1041.751;0.003444334628213121
1042.058;0.0034346340247136766
1042.366;0.0034250953640951945
1042.673;0.00341694743408851
1042.98;0.0034092246684963375
1043.288;0.003400148895590669
1043.595;0.003390668598788865
1043.902;0.0033824878879819067
1044.21;0.0033732216531919346
1044.517;0.0033630789655760677
1044.824;0.0033540936451459022
1045.131;0.003344820115276081
1045.439;0.0033356292568516603
1045.746;0.0033277623104295195
1046.053;0.003320173775048101
1046.36;0.0033143293303663206
1046.667;0.003309295932202109
1046.974;0.0033042666983269875
1047.281;0.003300272741655751
1047.588;0.003297432892781394
1047.896;0.0032954847212497084
1048.203;0.0032930838476283673
1048.51;0.0032905573285112815
1048.817;0.0032889005921755495
1049.124;0.003286889749215867
1049.431;0.0032853067811343503
1049.738;0.0032834375322662976
1050.044;0.0032824205381791895
1050.351;0.0032814384481904004
1050.658;0.0032800715019170243
1050.965;0.003279562081356135
1051.272;0.0032799698342923715
1051.579;0.003280411391940627
1051.886;0.0032790550534183083
1052.193;0.0032778357531312056
1052.499;0.0032779904999231586
1052.806;0.003278951589181296
1053.113;0.0032799414067588985
1053.42;0.003280608720632985
1053.726;0.0032817399609617174
1054.033;0.003282541584122715
1054.34;0.003283531835162644
1054.647;0.0031770588034142804
1054.953;0.0029465830876007943
1055.26;0.0032184372402148495
1055.566;0.0034750279609473997
1055.873;0.003362587271685816
1056.18;0.00328716699445267
1056.486;0.003297355782990255
1056.793;0.0033025315395253468
1057.099;0.0030765549299312162
1057.406;0.0029042554385899032
1057.712;0.0031762949033397295
1058.019;0.0034332022192563377
1058.325;0.0032931332671003676
1058.632;0.0032027559159061177
1058.938;0.003488097595082086
1059.245;0.0036196440411117663
1059.551;0.00343770996061301
1059.857;0.003192718778750085
1060.164;0.003363755816786551
1060.47;0.0035196992246046077
1060.777;0.003220639387725701
1061.083;0.0032062993543772516
1061.389;0.003422771867418457
1061.695;0.0037018314935701553
1062.002;0.0034698679227180974
1062.308;0.0033716957314855185
1062.614;0.0036643352030943386
1062.92;0.0038144461009039254
1063.227;0.003745330217906884
1063.533;0.003589934965413083
1063.839;0.003794820048193731
1064.145;0.003998710968180596
1064.451;0.0037429874953434092
1064.757;0.003519013303205544
1065.063;0.003593343187790304
1065.37;0.0038636268815032196
1065.676;0.003692451157290828
1065.982;0.0034463482187646432
1066.288;0.0035832741054036004
1066.594;0.003642405941375586
1066.9;0.003466555149232374
1067.206;0.0034323123833870503
1067.512;0.003563015364164926
1067.818;0.003471365220286428
1068.123;0.0033065392989315052
1068.429;0.003207189299883274
1068.735;0.0033966319943462596
1069.041;0.003577256054770052
1069.347;0.003459187084474046
1069.653;0.0032193828184177028
1069.959;0.003406164523993944
1070.264;0.003638670317551904
1070.57;0.003558413728480875
1070.876;0.0033401553191948026
1071.182;0.003645376043030729
1071.487;0.0038189154201472932
1071.793;0.0036553320002246374
1072.099;0.0035741282594782702
1072.405;0.0035383003528903726
1072.71;0.0036715651300722597
1073.016;0.003517912773661436
1073.321;0.0035049332345970952
1073.627;0.003690383165416569
1073.933;0.0037668308155748642
1074.238;0.0035651268564517668
1074.544;0.003448595435923388
1074.849;0.003453607370340375
1075.155;0.0036576455445872943
1075.46;0.00355652601768754
1075.766;0.00322976583833052
1076.071;0.0033280140510375325
1076.377;0.0035849246824324744
1076.682;0.003276164856072785
1076.988;0.003198642747720444
1077.293;0.0034004103369838492
1077.598;0.003648076679208019
1077.904;0.0035664266657453834
1078.209;0.0034518035332889727
1078.514;0.0035701511112303116
1078.82;0.003526651171673691
1079.125;0.003280906948486544
1079.43;0.0031346909455821042
1079.736;0.0032782780450277753
1080.041;0.003363942484763245
1080.346;0.0031864590894476077
1080.651;0.0030071696028540203
1080.956;0.0032092831316522636
1081.262;0.0033009791457916304
1081.567;0.0032368373934070693
1081.872;0.003225301459731424
1082.177;0.003355498269856566
1082.482;0.0035047176543018996
1082.787;0.00332329631598626
1083.092;0.0032381638797539707
1083.397;0.003474502515044913
1083.702;0.003572245714852495
1084.007;0.003317392506509734
1084.312;0.003041437404432485
1084.617;0.0032953783799223937
1084.922;0.0035774168176525762
1085.227;0.003604620672439499
1085.532;0.0036584307757287714
1085.837;0.0037112162709977943
1086.142;0.0037627037986774268
1086.447;0.0038126199991985374
1086.752;0.0038606915129919812
1087.057;0.003906644980488622
1087.361;0.003950207042119324
1087.666;0.003991104338314945
1087.971;0.004029063509506354
1088.276;0.004063811196124406
1088.581;0.004095074038599966
1088.885;0.004122578677363895
1089.19;0.004146051752847055
1089.495;0.004165219905480309
1089.799;0.004179809775694516
1090.104;0.004189548003920541
1090.409;0.004194161230589248
1090.713;0.004193376096131493
1091.018;0.004186919240978141
1091.323;0.004174517305560055
1091.627;0.004155896930308095
1091.932;0.004130784755653121
1092.236;0.004098907422026001
1092.541;0.0040599915698575914
1092.845;0.004013763839578756
1093.15;0.0039599508716203595
1093.454;0.0038982793064132556
1093.759;0.0038284757843883186
1094.063;0.0037502669459763987
1094.368;0.0036633794316083645
1094.672;0.003567539881715074
1094.976;0.0034624749367273924
1095.281;0.0033479112370761836
1095.585;0.003223575423192305
1095.889;0.003089194135506616
1096.194;0.0029444940144499883
1096.498;0.0027892017004532733
1096.802;0.0026230438339473385
1097.107;0.0024457470553630465
1097.411;0.002257038005131256
1097.715;0.002056643323682833
1098.019;0.0018442896514486338
1098.323;0.0016197036288595242
1098.628;0.0013826118963463688
1098.932;0.0011327410943400215
1099.236;0.00086981786327135
1099.54;0.0005935688435712133
1099.844;0.0003037206756704785
1100.148;0.0
