Wavelength;Intensity
174.456;0.08909511513017758
174.799;0.08683290344541511
175.142;0.08460661987336299
175.485;0.0824160532076272
175.828;0.08026099224181368
176.17;0.0781412257695292
176.513;0.07605654258437969
176.856;0.0740067314799719
177.199;0.07199158124991142
177.542;0.07001088068780498
177.884;0.06806441858725853
178.227;0.06615198374187845
178.57;0.06427336494527107
178.913;0.06242835099104274
179.255;0.06061673067279981
179.598;0.05883829278414788
179.941;0.05709282611869405
180.284;0.055380119470043905
180.626;0.053699961631803815
180.969;0.05205214139758048
181.312;0.05043644756097989
181.654;0.04885266891560838
181.997;0.047300594255071944
182.34;0.04578001237297728
182.682;0.044290712062930386
183.025;0.04283248211853721
183.368;0.0414051113334045
183.71;0.04000838850113858
184.053;0.038642102415345075
184.395;0.03730604186963106
184.738;0.03599999565760214
185.081;0.034723752572865044
185.423;0.03347710140902574
185.766;0.03225983095969057
186.108;0.03107173001846553
186.451;0.02991258737895732
186.793;0.0287821918347723
187.136;0.027680332179516064
187.478;0.026606797206795332
187.821;0.02556137571021646
188.163;0.024543856483385414
188.506;0.02355402831990855
188.848;0.02259168001339221
189.191;0.021656600357442744
189.533;0.020748578145666125
189.876;0.019867402171668703
190.218;0.019012861229056828
190.561;0.018184744111436838
190.903;0.01738283961241472
191.245;0.016606936525596815
191.588;0.015856823644589842
191.93;0.01513228976299941
192.272;0.014433123674431862
192.615;0.013759114172493918
192.957;0.013110050050791553
193.3;0.012485720102931117
193.642;0.011885913122518585
193.984;0.011310417903160674
194.327;0.010759023238463363
194.669;0.010231517922032626
195.011;0.009727690747475554
195.353;0.00924733050839738
195.696;0.008790225998405192
196.038;0.00835616601110497
196.38;0.007944939340102687
196.722;0.007556334779005063
197.065;0.007190141121418075
197.407;0.006846147160948069
197.749;0.006524141691201392
198.091;0.006223913505784021
198.434;0.005945251398302675
198.776;0.005687944162362958
199.118;0.00545178059157196
199.46;0.005236549479535286
199.802;0.005042039619859283
200.144;0.004868039806150671
200.487;0.004714338832015053
200.829;0.004580725491059149
201.171;0.004466988576889306
201.513;0.004372916883111129
201.855;0.004298299203331708
202.197;0.004242924331156646
202.539;0.004206581060192293
202.881;0.004189058184045366
203.223;0.004190144496321842
203.565;0.004209628790628068
203.907;0.00424729986057002
204.249;0.004302946499754046
204.591;0.004376357501786864
204.933;0.004467321660274078
205.275;0.004575627768822409
205.617;0.004701064621037831
205.959;0.004843421010527064
206.301;0.005002485730895711
206.643;0.005178047575750493
206.985;0.005369895338697385
207.327;0.005577817813343105
207.669;0.005801603793293259
208.011;0.006041042072154565
208.353;0.006295921443533371
208.695;0.006566030701035652
209.037;0.006851158638267384
209.379;0.007151094048835659
209.721;0.00746562572634608
210.062;0.0077945424644053655
210.404;0.008137633056619121
210.746;0.008494686296594067
211.088;0.008865490977936546
211.43;0.009249835894252911
211.772;0.009647509839148763
212.113;0.010058301606230821
212.455;0.010481999989105435
212.797;0.01091839378137895
213.139;0.011367271776656971
213.48;0.011828422768546216
213.822;0.012301635550653407
214.164;0.012786698916583773
214.506;0.013283401659944408
214.847;0.013791532574341287
215.189;0.014310880453380755
215.531;0.01484123409066879
215.872;0.015382382279812111
216.214;0.015934113814416322
216.556;0.016496217488088515
216.898;0.01706848209443429
217.239;0.01765069642706
217.581;0.018242649279572358
217.922;0.018844129445576976
218.264;0.019454925718680564
218.606;0.02007482689248948
218.947;0.020703621760609688
219.289;0.02134109911664717
219.63;0.02198704775420902
219.972;0.02264125646690084
220.314;0.02330351404832897
220.655;0.023973609292099768
220.997;0.024651330991819577
221.338;0.025336467941094374
221.68;0.026028808933530875
222.021;0.026728142762735056
222.363;0.02743425822231327
222.704;0.02814694410587149
223.046;0.02886598920701643
223.387;0.02959118231935407
223.729;0.03032231223649039
224.07;0.031059167752032473
224.412;0.03180153765958593
224.753;0.0325492107527571
225.094;0.03330197582515235
225.436;0.03405962167037763
225.777;0.03363206452113744
226.119;0.03385275946004294
226.46;0.036331240932603114
226.801;0.03735828424814005
227.143;0.036525758889598164
227.484;0.0373254979711098
227.825;0.03794775463896949
228.167;0.038008046379579774
228.508;0.03791996509816699
228.849;0.038781727557347725
229.191;0.03927255378373838
229.532;0.03979389939219442
229.873;0.040262461959861426
230.215;0.040667058176561764
230.556;0.04110301853765645
230.897;0.04165868432606287
231.238;0.0421085894628484
231.58;0.0425993194942443
231.921;0.04323102302469631
232.262;0.04386145343526682
232.603;0.044453821914608414
232.944;0.045143538587124436
233.286;0.046011766223474665
233.627;0.046893659268016176
233.968;0.047803718633654665
234.309;0.048730275155501164
234.65;0.04971805241669733
234.991;0.050621148766090765
235.332;0.05164871634793187
235.673;0.05260965121290749
236.015;0.05346263521318383
236.356;0.05425327275577785
236.697;0.055114194880656574
237.038;0.05615716457528261
237.379;0.05730552302151042
237.72;0.058419849465391756
238.061;0.05956211904814877
238.402;0.06087274548767785
238.743;0.062205497726975756
239.084;0.06353357626537803
239.425;0.06481713859690315
239.766;0.06613030914572887
240.107;0.06749799307686132
240.448;0.06888627635439282
240.789;0.07029121239643737
241.13;0.07156820183420624
241.471;0.07287159079823534
241.812;0.07416802417940312
242.153;0.07559324211985101
242.494;0.07694631539111321
242.834;0.07829057823540152
243.175;0.07970150058412687
243.516;0.08108388410493494
243.857;0.08252102138511236
244.198;0.08378801476862263
244.539;0.0849230334659304
244.88;0.08609160861067244
245.22;0.087208590836418
245.561;0.08822222674121108
245.902;0.08917340713134637
246.243;0.09000414080838054
246.584;0.09088121307104156
246.924;0.09176801372585781
247.265;0.09265295310157771
247.606;0.09363296614632591
247.947;0.09461098148986392
248.287;0.09560269783490774
248.628;0.096552048332815
248.969;0.09750461790818711
249.31;0.09846760019924211
249.65;0.09943732426680633
249.991;0.10049273253389786
250.332;0.1016020420339091
250.672;0.10273047507155683
251.013;0.10374055742132973
251.354;0.09301435245004316
251.694;0.08185670417898488
252.035;0.07031100667146807
252.375;0.07026422579780311
252.716;0.07021042324124481
253.057;0.0701063536210516
253.397;0.06999197468053554
253.738;0.0699800007353058
254.078;0.06993526676482055
254.419;0.0699584523661442
254.759;0.07008643104637527
255.1;0.07020070983028032
255.44;0.07042148318977187
255.781;0.07077353631083877
256.121;0.0711433453603105
256.462;0.07146781008618115
256.802;0.0719379390217651
257.143;0.07246018155555393
257.483;0.07299083160485136
257.824;0.07356611110901354
258.164;0.0741787966543444
258.505;0.07477732631168306
258.845;0.07525233108744173
259.185;0.07566051817083495
259.526;0.07607959330178084
259.866;0.07666253033725806
260.207;0.07746102264693014
260.547;0.07836150635630267
260.887;0.07921919092822743
261.228;0.08006917428374684
261.568;0.08089935300704655
261.908;0.08151110370983625
262.249;0.08211328549085424
262.589;0.08253973384849299
262.929;0.0828066213378346
263.269;0.08302987660645654
263.61;0.08326753928721224
263.95;0.08343365340120568
264.29;0.0833775976831073
264.63;0.08326821251178469
264.971;0.08307610151745813
265.311;0.08296348333636398
265.651;0.08285741275169006
265.991;0.0827737393291341
266.331;0.0825883121056164
266.672;0.08250132695847023
267.012;0.08223707665163858
267.352;0.08174897878080832
267.692;0.08119904681923806
268.032;0.08066615660515007
268.372;0.08019185219388558
268.713;0.07962582714234716
269.053;0.07902883451243022
269.393;0.07849891812102017
269.733;0.07799193547205444
270.073;0.07751507101659301
270.413;0.07702015893558285
270.753;0.07649001874242971
271.093;0.07593552288469357
271.433;0.0754537920181387
271.773;0.07495402740421839
272.113;0.07451054965434539
272.453;0.07406443757892592
272.793;0.07347093706941726
273.133;0.07291505255115692
273.473;0.0723667921347845
273.813;0.07182793337951919
274.153;0.07131241627831732
274.493;0.07078202990353687
274.833;0.07021097250774272
275.173;0.069531277611458
275.513;0.06879563439690489
275.852;0.06809499784062768
276.192;0.0675006497390637
276.532;0.06693651743086258
276.872;0.06641230326763944
277.212;0.0659265333373516
277.552;0.06544559706491777
277.892;0.06498886194850767
278.231;0.06444807821284428
278.571;0.06389364670172266
278.911;0.06334204504826027
279.251;0.06274666939055148
279.591;0.06205362908753188
279.93;0.061470547677106406
280.27;0.06089511883253355
280.61;0.06041238528870528
280.95;0.059725818133485944
281.289;0.058983050699776746
281.629;0.05832237388778039
281.969;0.057781898677938016
282.308;0.057282585493445996
282.648;0.05674920490580988
282.988;0.05641638447344683
283.328;0.05606550080428532
283.667;0.05574771029808297
284.007;0.05552897507616319
284.346;0.05542963837165451
284.686;0.05527807601949991
285.026;0.0551474448083239
285.365;0.055038998308389035
285.705;0.054997422195077195
286.044;0.05503542509532217
286.384;0.05518024505707223
286.724;0.05535708351454329
287.063;0.05550791559957281
287.403;0.055665989199999516
287.742;0.05582138479106342
288.082;0.05616465224687548
288.421;0.0564897045186135
288.761;0.056967214112824585
289.1;0.05752029950608269
289.44;0.05815000304501899
289.779;0.058884025191890565
290.119;0.0594932677730089
290.458;0.060006795663617614
290.797;0.0606027203504397
291.137;0.061096202205041986
291.476;0.06161568709507486
291.816;0.062285087258826956
292.155;0.0630014991951795
292.494;0.06395730731463815
292.834;0.0649830093433735
293.173;0.06595465818846086
293.512;0.06700430698665902
293.852;0.068221589193279
294.191;0.0696220280755984
294.53;0.0711007453673174
294.87;0.07268499702354665
295.209;0.0742778573325374
295.548;0.07614777469970645
295.888;0.07791711061963101
296.227;0.07966125921020606
296.566;0.08146770652384407
296.905;0.08335048131638272
297.245;0.08530989169790565
297.584;0.08746915296511032
297.923;0.08954677348440737
298.262;0.09195716555195
298.601;0.09432582799710966
298.941;0.09677381144983883
299.28;0.09927586257120567
299.619;0.10177130933040125
299.958;0.10430405631034749
300.297;0.10693977804069814
300.636;0.10971136413643806
300.975;0.11251497341002795
301.315;0.11537394910783444
301.654;0.1182200811970546
301.993;0.12106252704916437
302.332;0.12401315664009074
302.671;0.12684601675681823
303.01;0.1298169306052825
303.349;0.13289828717610358
303.688;0.1360556058196438
304.027;0.13920128146580144
304.366;0.1424107390152309
304.705;0.14583846751623658
305.044;0.14946280380149757
305.383;0.15298920841866984
305.722;0.15666374313677042
306.061;0.160382190381372
306.4;0.16423896873204338
306.739;0.16814037808212612
307.078;0.17217027216607386
307.417;0.17630399309151337
307.755;0.1805787014768316
308.094;0.18490364141329596
308.433;0.1892179332377366
308.772;0.1936116796712238
309.111;0.1983233686818839
309.45;0.20303905995405896
309.789;0.2078758044329139
310.127;0.21287505440300444
310.466;0.21806009055818418
310.805;0.223304698036942
311.144;0.22867376555947697
311.483;0.23440094212570062
311.821;0.24002162816640268
312.16;0.2457854669835722
312.499;0.251638643211156
312.838;0.2575142049982717
313.176;0.26340692175070934
313.515;0.26921352307893187
313.854;0.2751077046735857
314.192;0.2809302618941129
314.531;0.2868961107978665
314.87;0.29276820165408607
315.208;0.2987089083364241
315.547;0.304665995562917
315.886;0.31073345722805856
316.224;0.31674378452736907
316.563;0.32280824594569363
316.902;0.32909671321947265
317.24;0.33538607227331085
317.579;0.34152580647520164
317.917;0.3476666004995336
318.256;0.35381596020732486
318.594;0.3598378852077287
318.933;0.36588142131943124
319.272;0.3717914770707791
319.61;0.3777805133468835
319.949;0.3838466298070165
320.287;0.3900307242091775
320.626;0.3963982616503895
320.964;0.402823204050607
321.303;0.4093437861216815
321.641;0.4158068586472981
321.979;0.42239463300444435
322.318;0.42903429303732954
322.656;0.43588362895715715
322.995;0.4427865766000771
323.333;0.4497688412513619
323.671;0.45677083413576736
324.01;0.4636031409183607
324.348;0.4703796524071873
324.687;0.47725240041050415
325.025;0.4841861961638735
325.363;0.49116018718028087
325.702;0.49811742250578434
326.04;0.505058489767983
326.378;0.512070908339572
326.717;0.5190294974139258
327.055;0.5259432462716488
327.393;0.5328424985264472
327.731;0.5397247434900939
328.07;0.5466455350729226
328.408;0.553653977345073
328.746;0.5606629424301637
329.084;0.5676314908154076
329.422;0.57461503970314
329.761;0.5814553873792601
330.099;0.5883255647988374
330.437;0.5951342427394462
330.775;0.6021104381560594
331.113;0.6091744266930142
331.451;0.6162442151778931
331.79;0.6233259726298334
332.128;0.630488393806632
332.466;0.6376217987970612
332.804;0.6446143094219002
333.142;0.6516729683243052
333.48;0.658773553748851
333.818;0.6658738683926043
334.156;0.6729481736832623
334.494;0.6800375132347591
334.832;0.6871410208644018
335.17;0.6941574970049903
335.508;0.7011440542701783
335.846;0.708032003772112
336.184;0.7148507499216674
336.522;0.7215229875034801
336.86;0.7282325447208939
337.198;0.7348335540338186
337.536;0.7415433718036066
337.874;0.7481379800856447
338.212;0.7547209388383206
338.55;0.7612384206134947
338.888;0.7677241848084817
339.226;0.7740307172882358
339.564;0.7803477813674863
339.901;0.7865743674615912
340.239;0.7927065304376563
340.577;0.7987318076097286
340.915;0.804655698560883
341.253;0.810606550770113
341.591;0.8164347293099753
341.928;0.8221246015850345
342.266;0.8276778028657191
342.604;0.8331840734372181
342.942;0.8387573355447594
343.279;0.8442612884137617
343.617;0.8496658421628622
343.955;0.8550077535552415
344.293;0.8602896000526223
344.63;0.865294305038729
344.968;0.8701784610154009
345.306;0.8750278237828863
345.643;0.879850625699523
345.981;0.884598656744255
346.319;0.8892775230817832
346.656;0.8938157627650453
346.994;0.8983692616516772
347.332;0.9029156675145822
347.669;0.9074660275400612
348.007;0.9120960167011756
348.344;0.9166266629906878
348.682;0.9209958764713969
349.02;0.9253085403832386
349.357;0.9295049332846949
349.695;0.933518387141466
350.032;0.9374184764992292
350.37;0.9410731758993173
350.707;0.944694654212403
351.045;0.9481823072993295
351.382;0.9516094526027569
351.72;0.9549450648386556
352.057;0.9581008223456356
352.395;0.9611882439637501
352.732;0.9641900820573108
353.07;0.9670907485187462
353.407;0.9697637009180323
353.744;0.9723283520327185
354.082;0.9747700744374473
354.419;0.9770251737053794
354.757;0.9791010396294397
355.094;0.9810349178430501
355.431;0.9827038095017805
355.769;0.9843192905196368
356.106;0.985921611818224
356.443;0.9873838558367489
356.781;0.9888545459614606
357.118;0.9902010410667464
357.455;0.9915241381407098
357.793;0.9927874772760708
358.13;0.9939598197594837
358.467;0.9949972222916701
358.804;0.9960748333072198
359.142;0.9970018342057922
359.479;0.9976286072805833
359.816;0.9980245777292329
360.153;0.9983501395726895
360.49;0.9988636987949578
360.828;0.9992907498342153
361.165;0.9996739179223262
361.502;0.9999144605488436
361.839;1.0
362.176;0.9999114482726141
362.513;0.9997550675710827
362.85;0.999464075269829
363.187;0.9989077647180992
363.525;0.9983704223735927
363.862;0.9976729819849187
364.199;0.9969755010616254
364.536;0.9963591344035617
364.873;0.9955491559925318
365.21;0.9946587817784747
365.547;0.9936341529630608
365.884;0.9923900503764858
366.221;0.9911068042704272
366.558;0.989887966907264
366.895;0.9886001450005936
367.232;0.9871591714688842
367.569;0.9855665988056973
367.906;0.9838896820811833
368.243;0.9820191126962118
368.58;0.9800677901160698
368.916;0.9780556815989194
369.253;0.9759677023818869
369.59;0.9737928200003353
369.927;0.971528111858671
370.264;0.9692708809300591
370.601;0.9669256961596964
370.938;0.9643451542499717
371.275;0.9616847425850882
371.611;0.9588016350309807
371.948;0.9558669806011866
372.285;0.9528466897537026
372.622;0.9497687435509606
372.958;0.9465358458085974
373.295;0.9432719002737212
373.632;0.9398435958608614
373.969;0.9362848563982684
374.305;0.9327359478512
374.642;0.9290686544147397
374.979;0.9253876228310977
375.316;0.921615328308858
375.652;0.9178381605547694
375.989;0.9139800013378435
376.326;0.910104357114606
376.662;0.9062136855141433
376.999;0.9022193417721667
377.336;0.8980299191966569
377.672;0.8938426225192154
378.009;0.8896813912644466
378.345;0.8854031515893854
378.682;0.8810329967639444
379.019;0.8766102616986583
379.355;0.8721006713663777
379.692;0.8675308869794478
380.028;0.8629564677783467
380.365;0.8583872452198547
380.701;0.8537879285879011
381.038;0.8491802028063536
381.374;0.8444469415947383
381.711;0.8396096570995658
382.047;0.8346184452272435
382.384;0.8297186652605516
382.72;0.8247970072925466
383.056;0.819825881032229
383.393;0.8146466885781786
383.729;0.8094627648477976
384.066;0.8043623480170681
384.402;0.7992733153991077
384.738;0.7941646605694962
385.075;0.7890234979532876
385.411;0.7837340704103283
385.748;0.778351394400636
386.084;0.7729405562119964
386.42;0.7674948175830791
386.757;0.7620452206438627
387.093;0.7565237379648307
387.429;0.7509551684098118
387.765;0.7452826627716019
388.102;0.7397035380282989
388.438;0.7341132327282647
388.774;0.7286125244728995
389.11;0.7231574488070142
389.447;0.7175893125502995
389.783;0.7121390138326367
390.119;0.7065955519389835
390.455;0.7011343338437472
390.791;0.695626724451009
391.128;0.6901083850248297
391.464;0.6847330245212724
391.8;0.679286105751976
392.136;0.6738529403740392
392.472;0.6685505272097646
392.808;0.6633834628003021
393.144;0.6582454834205079
393.48;0.6530679526917141
393.816;0.6478195552526598
394.152;0.6425667103738439
394.489;0.6373480683582187
394.825;0.6322012581147788
395.161;0.627006627366709
395.497;0.6217970735623227
395.833;0.6165204126836158
396.169;0.6112382297444084
396.505;0.6060647598293538
396.841;0.6008951894882582
397.176;0.5958577369018881
397.512;0.5908735397932557
397.848;0.5858658031053514
398.184;0.5808189392825762
398.52;0.5756589925530297
398.856;0.5704678940918297
399.192;0.5653401279136465
399.528;0.5600900904176096
399.864;0.5548595326727845
400.2;0.5496618113670252
400.535;0.5445465965652249
400.871;0.5396647036664802
401.207;0.5348713493777698
401.543;0.5300957261138971
401.879;0.525286776056119
402.214;0.5206303567279913
402.55;0.5160354935672173
402.886;0.511603481738259
403.222;0.5071371551009208
403.557;0.5025150011692548
403.893;0.4978725287207695
404.229;0.4932680807389136
404.565;0.4887039998778841
404.9;0.48427714905626107
405.236;0.4799543908231807
405.572;0.4757711948841925
405.907;0.4715754694394342
406.243;0.46742122757800986
406.579;0.46335815851049444
406.914;0.45935729018930854
407.25;0.45538873586476153
407.585;0.45156868066022077
407.921;0.44765204171498546
408.257;0.4437674225479278
408.592;0.44001719619498875
408.928;0.4362080674937305
409.263;0.4323766875445765
409.599;0.42864793012347446
409.934;0.42497901065877836
410.27;0.42137492643304314
410.605;0.4180090340104919
410.941;0.41470072748436215
411.276;0.41134842155666773
411.612;0.4079891681171788
411.947;0.4046580838844495
412.283;0.40127705949294273
412.618;0.39771331591849685
412.953;0.3941621922796618
413.289;0.39055662485537807
413.624;0.38705549953359714
413.96;0.38359703569027925
414.295;0.3801202068597
414.63;0.37659307171132467
414.966;0.373102413037615
415.301;0.36970546432991935
415.636;0.3663431772276291
415.972;0.3632079947
416.307;0.36011993298778416
416.642;0.35707112445030603
416.977;0.35392429218298793
417.313;0.350816594016785
417.648;0.3476330902806684
417.983;0.3444441579168897
418.318;0.34139281698986035
418.654;0.3384209940874836
418.989;0.3355460742430843
419.324;0.333020332304781
419.659;0.3306741647532942
419.994;0.32848839438794214
420.33;0.3264813987967901
420.665;0.3245082553436112
421.0;0.32253420743618416
421.335;0.32060618190961854
421.67;0.3187320849551382
422.005;0.3168625948641297
422.34;0.3150132113425133
422.675;0.3131201017140042
423.01;0.31120421130870013
423.345;0.30920025892894415
423.681;0.3070092542340752
424.016;0.30485893912269935
424.351;0.3027571565971043
424.686;0.300837036193073
425.021;0.29900472556970475
425.356;0.2972404994668905
425.691;0.295524167133677
426.025;0.2937613212378192
426.36;0.2917468267264707
426.695;0.2897301064920897
427.03;0.28783436261486406
427.365;0.2859362487339257
427.7;0.2841599701548684
428.035;0.2824597977147205
428.37;0.28077576211320154
428.705;0.27915941703731173
429.04;0.2775690010744064
429.374;0.27599145983106804
429.709;0.27440888053589785
430.044;0.2728807240918467
430.379;0.2713535103094987
430.714;0.26999649943373155
431.048;0.2686836171244442
431.383;0.2674005798220474
431.718;0.26600854575010685
432.053;0.26445601076248626
432.387;0.2628796628627874
432.722;0.26124081155653334
433.057;0.2595489691247033
433.392;0.25799071222160624
433.726;0.2565115755664328
434.061;0.2549954861958642
434.396;0.25345157001931334
434.73;0.25180416817407725
435.065;0.25018042906757443
435.4;0.24860126038386274
435.734;0.24699700738963828
436.069;0.24546436883117176
436.403;0.24398345682061318
436.738;0.24266409613253156
437.073;0.24143305176313498
437.407;0.24035741524633344
437.742;0.23923996972285064
438.076;0.23817491919763986
438.411;0.23710189022171696
438.745;0.23603714443634474
439.08;0.2350278895472648
439.414;0.23405714452909354
439.749;0.23320913503554874
440.083;0.23248591123325155
440.418;0.23168552765667594
440.752;0.23095946147019986
441.086;0.2302272234114466
441.421;0.22950833220752517
441.755;0.22884660476914132
442.09;0.22809918648156577
442.424;0.2273755969926581
442.758;0.22673179180434275
443.093;0.22617167476058858
443.427;0.22561030098011153
443.761;0.2249242525189276
444.096;0.22422468267450713
444.43;0.22360885106584663
444.764;0.22307934395840975
445.099;0.22252056015382096
445.433;0.22211179548925675
445.767;0.22172878075566427
446.101;0.22141509368414836
446.436;0.2211531946104076
446.77;0.22091673766304876
447.104;0.2206509206166942
447.438;0.22049062550077456
447.773;0.22031695589081257
448.107;0.2200302751351804
448.441;0.21963483765778213
448.775;0.21925841587429082
449.109;0.21898246166108376
449.443;0.21884337611554336
449.777;0.21868294477093925
450.112;0.2186029910659624
450.446;0.21861685466018024
450.78;0.21861571031090263
451.114;0.21874313665407252
451.448;0.21873008185290882
451.782;0.21870293489810516
452.116;0.2187030461474833
452.45;0.21868840343708182
452.784;0.2188464191384126
453.118;0.2190485018904191
453.452;0.21920700238721952
453.786;0.21927006487967088
454.12;0.21941497124462214
454.454;0.21960529830375863
454.788;0.21980051969180991
455.122;0.22021179045873893
455.456;0.22092050934837862
455.79;0.22159526510022337
456.123;0.2222828075882834
456.457;0.22293415427797125
456.791;0.22360179207945777
457.125;0.224199277524512
457.459;0.2248151998439859
457.793;0.22544315897851275
458.127;0.225940190251064
458.46;0.2265058101992867
458.794;0.22718083936022046
459.128;0.2278524317981371
459.462;0.22844387337650637
459.795;0.22898930688446126
460.129;0.2296596173406291
460.463;0.23037169350434006
460.797;0.23102111714739515
461.13;0.23161520689279957
461.464;0.2320927860213912
461.798;0.2324302589578748
462.131;0.23269400673496912
462.465;0.2328343650981645
462.799;0.23297991383407313
463.132;0.23324935295109597
463.466;0.2334869289060762
463.8;0.23375674422346004
464.133;0.23401932159002836
464.467;0.23417233180423766
464.8;0.23438353865994213
465.134;0.23465062992646216
465.468;0.2349295837602419
465.801;0.23514427804950377
466.135;0.23530467199870875
466.468;0.23558503938604902
466.802;0.2359284183874698
467.135;0.23617953486846474
467.469;0.2362778094972849
467.802;0.23646809934882326
468.136;0.23665713053132545
468.469;0.23691119801085628
468.802;0.2373473212685118
469.136;0.2378617530134666
469.469;0.23847162080793266
469.803;0.23903834172419888
470.136;0.23953610841658782
470.469;0.2401112523290235
470.803;0.2406568664650872
471.136;0.24118973183499554
471.469;0.24182324280823317
471.803;0.2424167639264163
472.136;0.24298654606768447
472.469;0.24361068541665945
472.803;0.24423450261444918
473.136;0.24494064980662258
473.469;0.2456337434608383
473.803;0.2462542637822787
474.136;0.24686799714461025
474.469;0.2476465755513064
474.802;0.24845812700680467
475.135;0.2492625972168066
475.469;0.24995818134941936
475.802;0.25059254725037644
476.135;0.2511495245887831
476.468;0.25167605789787983
476.801;0.2523099707810952
477.134;0.25285762720196886
477.468;0.2533572368449119
477.801;0.2538809332598212
478.134;0.25430649125352905
478.467;0.2546890310243067
478.8;0.25511664303909637
479.133;0.25552719353864856
479.466;0.25589466212160417
479.799;0.2563355393120973
480.132;0.25679863951590803
480.465;0.257282551153745
480.798;0.257691343564498
481.131;0.2581073578518548
481.464;0.25850690000989435
481.797;0.25888086539245275
482.13;0.25918965561790647
482.463;0.25960784020565625
482.796;0.2600434093748478
483.129;0.2604969461001969
483.462;0.2609355202689761
483.794;0.26143359263676036
484.127;0.2619748505017587
484.46;0.26247760682555255
484.793;0.2628659575642021
485.126;0.26332943648043555
485.459;0.26384406245469577
485.792;0.2643480132089807
486.124;0.2649475453387183
486.457;0.2656690665972593
486.79;0.26635801680416427
487.123;0.2670441372700157
487.455;0.2676513794607737
487.788;0.26824889306266997
488.121;0.26888289951694316
488.454;0.26952924882290696
488.786;0.2701564118354765
489.119;0.27082889332907756
489.452;0.2715933113450976
489.784;0.2723656459932614
490.117;0.273181444657397
490.45;0.2740890578370833
490.782;0.27489420879276766
491.115;0.27573597935901933
491.448;0.2766523647960086
491.78;0.27752142501688304
492.113;0.2784241822031507
492.445;0.2792575492629098
492.778;0.2802323073863658
493.11;0.28111873148483535
493.443;0.28185711200854024
493.775;0.28266634655724077
494.108;0.28347727834314596
494.44;0.28445724826511676
494.773;0.28547354380405016
495.105;0.286387204459139
495.438;0.2872771589423105
495.77;0.288290835029003
496.103;0.28931755392722086
496.435;0.2903352053162265
496.768;0.29128326878628635
497.1;0.29212455663541126
497.432;0.2928937238018893
497.765;0.29368812870022876
498.097;0.2945259281135798
498.429;0.29540665141961303
498.762;0.29645697722546127
499.094;0.2974587560464494
499.426;0.2985117139100661
499.759;0.29946676734359556
500.091;0.3005109378693671
500.423;0.3016027880441745
500.756;0.30272733192008483
501.088;0.3037240075463817
501.42;0.3045137024054876
501.752;0.30531842390224456
502.085;0.3062016522915337
502.417;0.3070110567282898
502.749;0.30768763019419404
503.081;0.3083838403917935
503.413;0.30913062398063873
503.745;0.3100028781812569
504.078;0.3109347875857002
504.41;0.3117932080135411
504.742;0.3125452843382771
505.074;0.31327474891100354
505.406;0.31395428904717765
505.738;0.3146102573668419
506.07;0.31539312503100053
506.402;0.3160799091719235
506.734;0.3168562459339426
507.066;0.3175857553723253
507.398;0.3183105140574111
507.73;0.3188670876178187
508.062;0.31954075883362776
508.394;0.3203279240927652
508.726;0.3210810590205124
509.058;0.3218320804997007
509.39;0.3226085159575162
509.722;0.3234869521789203
510.054;0.32441614222515697
510.386;0.32520452385005294
510.718;0.3258703929102256
511.05;0.3265109927775621
511.381;0.3271433089158335
511.713;0.3279009323535662
512.045;0.32857261500427964
512.377;0.3292165262643823
512.709;0.3298957464523084
513.041;0.3305984752672655
513.372;0.3313770806012008
513.704;0.33199719263724076
514.036;0.3325623337048074
514.368;0.33322250939393755
514.699;0.3340056333166649
515.031;0.3347717935575978
515.363;0.33546569743098414
515.695;0.3361213840610735
516.026;0.3367030907138541
516.358;0.33728234175451255
516.69;0.33777808710895457
517.021;0.3382958086406916
517.353;0.33884357031712564
517.685;0.3394737008232731
518.016;0.3400252110515859
518.348;0.34063289624598186
518.679;0.34119166056125755
519.011;0.3417739959576404
519.343;0.3422384337416428
519.674;0.34254975341086574
520.006;0.3427764077119625
520.337;0.34291711748328624
520.669;0.3429487750573442
521.0;0.34298195599586934
521.332;0.3429400557451203
521.663;0.3427306848895296
521.995;0.34245923201960116
522.326;0.3422174203009232
522.658;0.3420536388847822
522.989;0.34188212240979804
523.32;0.3417559632237455
523.652;0.34179422750457944
523.983;0.34185714400143064
524.315;0.34181663109369803
524.646;0.341614538701195
524.977;0.3415266267853028
525.309;0.3413718154143662
525.64;0.34119857055686803
525.971;0.34102235567938477
526.303;0.34093564612537886
526.634;0.34089709099051196
526.965;0.3407571220224003
527.296;0.3406212230097823
527.628;0.34052444620689476
527.959;0.3402625277871396
528.29;0.33998085064226197
528.621;0.33981538266322764
528.953;0.3397416010719145
529.284;0.33973598170759817
529.615;0.3396649475717603
529.946;0.33954244920433746
530.277;0.3394745147964617
530.608;0.3390597653494085
530.939;0.3385864238899438
531.271;0.33811021869823293
531.602;0.33774336422223006
531.933;0.337380359809828
532.264;0.33702255882264925
532.595;0.33677409254452806
532.926;0.33660164916584473
533.257;0.33639133999412507
533.588;0.3362869889507975
533.919;0.33623667904172644
534.25;0.33615531636124235
534.581;0.3361734746142804
534.912;0.3362466048425464
535.243;0.33624605216839154
535.574;0.3361607651544104
535.905;0.3359930182048644
536.236;0.33570612339423955
536.567;0.33535008642846725
536.898;0.3350633954086442
537.229;0.33463157957770995
537.559;0.334501861592748
537.89;0.3342957219524698
538.221;0.33418706261770176
538.552;0.33411001492173936
538.883;0.33402972952080306
539.214;0.33397594010466314
539.544;0.3338361407122129
539.875;0.33354619410512026
540.206;0.33324612921041136
540.537;0.3329077504854576
540.867;0.33248818454179224
541.198;0.33210197165379907
541.529;0.3316515470705012
541.86;0.33140966298317887
542.19;0.3311499136031592
542.521;0.3307810802703006
542.852;0.3304559791558541
543.182;0.3300744151759757
543.513;0.32977840481276494
543.844;0.32941519858128543
544.174;0.3290375486861502
544.505;0.3283096184620482
544.835;0.32755863972476973
545.166;0.3267351125653653
545.497;0.3259471715811677
545.827;0.3251542416248694
546.158;0.3243955564634382
546.488;0.32343799814317176
546.819;0.32253466230286953
547.149;0.3215815842124755
547.48;0.32050789166064714
547.81;0.31958763634236603
548.141;0.3187195329572373
548.471;0.31780325045172697
548.802;0.31672641059299045
549.132;0.3156232910836693
549.462;0.3145630508716331
549.793;0.313352307960428
550.123;0.3121514979481481
550.454;0.3108861999745055
550.784;0.30965645035657696
551.114;0.30856624280838796
551.445;0.3076819288303626
551.775;0.30682010051544095
552.105;0.30588391546635896
552.436;0.30481390492503546
552.766;0.30356120018880295
553.096;0.3022057213146985
553.426;0.3009649288607725
553.757;0.2997348064574043
554.087;0.2985791787766529
554.417;0.2974651707366573
554.747;0.29618174736492103
555.078;0.29476659706457403
555.408;0.2934143145905542
555.738;0.29209513422508915
556.068;0.29077120793411004
556.398;0.28930454345954765
556.728;0.28801345264810757
557.058;0.28669593513433944
557.389;0.28547906206948476
557.719;0.2843334327759728
558.049;0.283078109614225
558.379;0.28185527891861356
558.709;0.28061010839766265
559.039;0.27933687760070125
559.369;0.27808547405582495
559.699;0.2768339382981799
560.029;0.27565505019097425
560.359;0.27453604718124064
560.689;0.27331433572428465
561.019;0.2721090676832973
561.349;0.2709888239798131
561.679;0.2699303081027648
562.009;0.26896836218722425
562.339;0.26802433663556585
562.669;0.26698617627261173
562.999;0.26605975795299586
563.328;0.26530459636458814
563.658;0.26457155736517357
563.988;0.2638913821461284
564.318;0.263148775304342
564.648;0.26233630487927323
564.978;0.2616436798760268
565.307;0.26091920875991337
565.637;0.26041862758210166
565.967;0.25996667749479
566.297;0.2594841970933781
566.626;0.2590604494597227
566.956;0.2586900251049308
567.286;0.2583639079439482
567.616;0.25814445663040697
567.945;0.257931485315214
568.275;0.2575991171909772
568.605;0.2572350577219843
568.934;0.2568215571211212
569.264;0.25641757690553985
569.594;0.25613184750910817
569.923;0.255828470862744
570.253;0.2554985150607627
570.582;0.25511070941068487
570.912;0.2547598156927315
571.242;0.254324939480082
571.571;0.25390441715255724
571.901;0.25339260201413877
572.23;0.2528606439532668
572.56;0.2520741594229155
572.889;0.2513400779789817
573.219;0.25061808064534935
573.548;0.24988085081437164
573.878;0.24898788314175405
574.207;0.24791936843303192
574.537;0.24687310829522477
574.866;0.2457783715602178
575.195;0.24467575028065003
575.525;0.2435629740118735
575.854;0.2424686588639657
576.184;0.24125874684817303
576.513;0.2401140835247133
576.842;0.23901269450203147
577.172;0.23804572913709404
577.501;0.23702206688129063
577.83;0.23600227058239415
578.16;0.23503476343810578
578.489;0.2340713256671989
578.818;0.23313910360949294
579.147;0.23222133062897754
579.477;0.23134661417255456
579.806;0.2304093269999254
580.135;0.22946936084659517
580.464;0.2285475156586139
580.793;0.2277060131614906
581.123;0.2269765312424426
581.452;0.22628240301299263
581.781;0.2256413692995665
582.11;0.2250412809461693
582.439;0.22446977799035567
582.768;0.22393410453368842
583.097;0.22345822763917625
583.427;0.22291235356445221
583.756;0.22228694038707852
584.085;0.22166024459553818
584.414;0.22102152621584797
584.743;0.220332430570214
585.072;0.21971016732297255
585.401;0.219021617592302
585.73;0.2181922101015566
586.059;0.21736603277741917
586.388;0.21655034955784605
586.717;0.21589852721499006
587.046;0.21535598214015822
587.375;0.21478627881959622
587.703;0.2142011191127611
588.032;0.21369927831310354
588.361;0.21319734400341941
588.69;0.21259050423446635
589.019;0.2120175282300546
589.348;0.211421354669014
589.677;0.21074629800781033
590.006;0.21004216355725366
590.334;0.20924318155440597
590.663;0.20840721557970185
590.992;0.20754464455886273
591.321;0.20676127151272142
591.649;0.2060081696509744
591.978;0.2050397204530688
592.307;0.20404677497436732
592.636;0.20315200660562707
592.964;0.20234384922822654
593.293;0.20151321220424973
593.622;0.20062326005023878
593.95;0.1997553023929897
594.279;0.19900604236793387
594.608;0.19826356247159704
594.936;0.19749973039551
595.265;0.19668887458551917
595.594;0.1958449056504782
595.922;0.19503481104150575
596.251;0.19426415834058863
596.579;0.19354246233460434
596.908;0.1928982036664938
597.236;0.19225619083732887
597.565;0.19165266546104842
597.893;0.1909761201062198
598.222;0.1902432890906086
598.55;0.1895486844384386
598.879;0.18905308601877538
599.207;0.18859501252555863
599.536;0.18808533748141396
599.864;0.18743244634618045
600.193;0.1868342803575933
600.521;0.18621230845004835
600.849;0.18549916551254692
601.178;0.18479417858475666
601.506;0.18405510082723606
601.835;0.18331008451216899
602.163;0.18248842699026427
602.491;0.1818782373286819
602.819;0.18125598206024426
603.148;0.18068894945842254
603.476;0.18015093410493185
603.804;0.17968896246079172
604.133;0.17923673128762346
604.461;0.1787672670289574
604.789;0.178262474856611
605.117;0.17769971923128647
605.446;0.17699894952704875
605.774;0.17622959411491085
606.102;0.17551406780896703
606.43;0.17487529880464572
606.758;0.1743697789108417
607.086;0.17384455277784414
607.414;0.1732191624990784
607.743;0.17263712337479614
608.071;0.17204465310112896
608.399;0.17147776662512496
608.727;0.1708285958493288
609.055;0.17014204943954925
609.383;0.1693625952717856
609.711;0.16853683362574315
610.039;0.1676413611782716
610.367;0.166811131215898
610.695;0.16591017116390047
611.023;0.16508326389702443
611.351;0.16429373622520507
611.679;0.16356371963163083
612.007;0.16289506954161698
612.335;0.16230865821390567
612.663;0.16176862708964734
612.991;0.16123057940519872
613.319;0.16062693273002318
613.646;0.15995220984238998
613.974;0.1592735586788967
614.302;0.15868185926109252
614.63;0.158046687006859
614.958;0.1574205725270777
615.286;0.1568300892634283
615.613;0.1563665250130374
615.941;0.15594928031756253
616.269;0.15545754184264654
616.597;0.15495934875208114
616.924;0.15453678639517207
617.252;0.15397569337961747
617.58;0.15347452152707142
617.908;0.1529406874000653
618.235;0.1523735872535666
618.563;0.151836719966501
618.891;0.15125923702329602
619.218;0.1507017751567739
619.546;0.15021455756131263
619.873;0.14964647811218168
620.201;0.14910710390707368
620.529;0.14856417771455815
620.856;0.14794631324327326
621.184;0.14735993318746027
621.511;0.14679460057863894
621.839;0.1461680715148712
622.166;0.14553567800381517
622.494;0.14473475695240645
622.821;0.14386055434025746
623.149;0.1430332083166875
623.476;0.14228841355448008
623.804;0.14142174206889258
624.131;0.1406129569708079
624.459;0.1396852448492643
624.786;0.1387918932993449
625.114;0.1379152082449985
625.441;0.13702777642769565
625.768;0.13617124726458182
626.096;0.1352044955265488
626.423;0.1341878143650792
626.75;0.13331589562896304
627.078;0.13240370947674837
627.405;0.13140775893053083
627.732;0.13054083615655557
628.06;0.1295092521095412
628.387;0.1284770043284301
628.714;0.12751352005869435
629.041;0.12650368524855987
629.369;0.12570600337837518
629.696;0.12485492020849455
630.023;0.12395992239091636
630.35;0.12308470403045249
630.677;0.12222186982548815
631.005;0.12135588611194355
631.332;0.12048244805052669
631.659;0.11954357084564025
631.986;0.11862219622786115
632.313;0.11762749867633666
632.64;0.11665563708668143
632.967;0.11577660765033433
633.294;0.11489593336700024
633.621;0.11396890645966747
633.949;0.1131593826412511
634.276;0.11243945663306187
634.603;0.11170921432250287
634.93;0.1110887875317984
635.257;0.11039706007286247
635.584;0.109596975722703
635.91;0.10883506884569624
636.237;0.10792797912226072
636.564;0.10713886703572847
636.891;0.10633364794326976
637.218;0.10536041893145504
637.545;0.10435954426884728
637.872;0.1033553500138146
638.199;0.10237210573921954
638.526;0.10146132193100753
638.853;0.10055309086110684
639.179;0.09959678420295286
639.506;0.09863487457743846
639.833;0.09772858721788077
640.16;0.096855635615441
640.487;0.09566035376300469
640.813;0.09447935236544511
641.14;0.09344155391001764
641.467;0.09230851305228298
641.794;0.09115837037354738
642.12;0.09005593909541623
642.447;0.08903970479330997
642.774;0.08802969011444674
643.1;0.08723371356688248
643.427;0.08656376012488964
643.754;0.0859567551302107
644.08;0.08539346860016911
644.407;0.08483119544096782
644.733;0.08413829721551687
645.06;0.08355512102041894
645.387;0.08295026580372487
645.713;0.08243684738947125
646.04;0.08198104693179958
646.366;0.08150831644697461
646.693;0.08101436951924755
647.019;0.08054330839121752
647.346;0.0803989558181372
647.672;0.08015796414892996
647.999;0.07978077824080157
648.325;0.07941769513391707
648.651;0.07909948031223987
648.978;0.07898835117113198
649.304;0.07882056614018412
649.631;0.07861922851916157
649.957;0.07832585524619595
650.283;0.07796136111452297
650.61;0.07763858817436724
650.936;0.07744362230403014
651.262;0.07744764689984802
651.589;0.07751661382296904
651.915;0.07759014534714428
652.241;0.07765294911800143
652.568;0.07751506041021342
652.894;0.0774659116006388
653.22;0.07743907846494692
653.546;0.0774583931291874
653.873;0.07742349274267188
654.199;0.07735170625769287
654.525;0.07732474231974044
654.851;0.07747817770088179
655.177;0.07761911746810364
655.503;0.07776868659483378
655.83;0.07772234096395779
656.156;0.07771852510732619
656.482;0.07780013965758095
656.808;0.0777946161195612
657.134;0.07775837965743553
657.46;0.07775697692312039
657.786;0.07765566767905112
658.112;0.07755706883415117
658.438;0.07757382432417931
658.764;0.07763864270267695
659.09;0.0777414841885193
659.416;0.07794875309934564
659.742;0.07818040424964137
660.068;0.07853453579443095
660.394;0.0786655472727455
660.72;0.07880091842469476
661.046;0.0789254721871902
661.372;0.07909776953667795
661.698;0.07915080991816022
662.024;0.0791896487263159
662.349;0.07928853680842049
662.675;0.07940037705825533
663.001;0.079498653525311
663.327;0.07948286396537664
663.653;0.07949269077398752
663.978;0.07945248562107686
664.304;0.0794342901993017
664.63;0.07950071876520937
664.956;0.0794809822332568
665.282;0.07952953695917192
665.607;0.07941433784259508
665.933;0.0792163938552322
666.259;0.07900269364146502
666.584;0.07876696182904362
666.91;0.07846624688734373
667.236;0.07837481891826133
667.561;0.07833757491129972
667.887;0.07829739968390163
668.213;0.07818471533030831
668.538;0.07811084307776092
668.864;0.0781289839799465
669.189;0.07804559896729182
669.515;0.0780808858272693
669.84;0.0780896052128679
670.166;0.07815561797481368
670.491;0.07820610199345689
670.817;0.07842235903520202
671.142;0.07849210803445908
671.468;0.07849771429704229
671.793;0.07845305779942577
672.119;0.07849015457919194
672.444;0.07862769772955246
672.77;0.0788758541483574
673.095;0.07921910974275506
673.42;0.0795806994513663
673.746;0.07994813447230352
674.071;0.08031239941013815
674.397;0.08071168796787792
674.722;0.08104344486319823
675.047;0.0813659720559903
675.373;0.08163788136149162
675.698;0.08188626185665333
676.023;0.08216756669703595
676.348;0.08240213193486169
676.674;0.08275683013042787
676.999;0.08309623102978282
677.324;0.08342098835274332
677.649;0.08371133104218174
677.974;0.08411998013486638
678.3;0.08455016136012397
678.625;0.0849904253040253
678.95;0.08525201031491023
679.275;0.08545620796701892
679.6;0.08560757323416678
679.925;0.08563447397192664
680.25;0.08565391169719652
680.576;0.08561326988827235
680.901;0.08547210126539814
681.226;0.08533394364737547
681.551;0.08527302997284862
681.876;0.08531972803277259
682.201;0.0853326253483571
682.526;0.0854052717808212
682.851;0.08540874603146636
683.176;0.08528309140717098
683.501;0.08504676478549869
683.826;0.08484092418329493
684.151;0.08462272281786488
684.476;0.08432866824889503
684.8;0.0839615016532462
685.125;0.08368479133633673
685.45;0.0834893654843811
685.775;0.08328086185073845
686.1;0.08295465860202736
686.425;0.08256898275350648
686.75;0.08218583362400948
687.074;0.08174541840321164
687.399;0.0813301725059726
687.724;0.08100366798410696
688.049;0.08067907713373444
688.373;0.08036602368681858
688.698;0.07997439994302723
689.023;0.07958607118432239
689.348;0.07915709948480425
689.672;0.07884703386787856
689.997;0.07873528767639706
690.322;0.0786438748979215
690.646;0.07862826966163208
690.971;0.07857599606106297
691.296;0.07857770232958966
691.62;0.07858088089768651
691.945;0.07837110779501703
692.269;0.0781416909048731
692.594;0.07776699059558889
692.919;0.07746971010749874
693.243;0.07727440961576765
693.568;0.07716730646626564
693.892;0.07691842471709957
694.217;0.07669133636885558
694.541;0.07644579522254723
694.866;0.07616196109441169
695.19;0.07596892222432966
695.514;0.07574723847125714
695.839;0.07558056771604596
696.163;0.07538676432810507
696.488;0.07510862343406689
696.812;0.07464158317417194
697.136;0.07415806854751515
697.461;0.07355064383738431
697.785;0.0729520093289671
698.11;0.07232168621542236
698.434;0.07179115640687544
698.758;0.07133457155825082
699.082;0.07085506039220449
699.407;0.07060043548520187
699.731;0.07039034528017438
700.055;0.07022378304088514
700.379;0.0698496742145698
700.704;0.0695312831702829
701.028;0.06911399156024065
701.352;0.06869085509883205
701.676;0.06818482166370601
702.0;0.06751989628796089
702.325;0.06689070653881099
702.649;0.06628749696099896
702.973;0.06585805970577203
703.297;0.06562231118253944
703.621;0.06552835481966716
703.945;0.06541611444904023
704.269;0.06536287645856113
704.593;0.06535531008050405
704.917;0.0653555229126175
705.241;0.06528934080731404
705.565;0.06526329961255967
705.889;0.06521173597648124
706.213;0.06509316001405836
706.537;0.06497390029170262
706.861;0.06478762794278395
707.185;0.0647100080012587
707.509;0.06474664103793973
707.833;0.06487880976183864
708.157;0.06493989698126577
708.481;0.06496849935301788
708.805;0.065010862016446
709.128;0.0650549114894148
709.452;0.06516041208013577
709.776;0.06509448160013946
710.1;0.06488283137518366
710.424;0.06461922331107688
710.748;0.06429574586500775
711.071;0.06398141818284764
711.395;0.06364717276087851
711.719;0.06326325467968154
712.042;0.06295477206865407
712.366;0.06268926599261755
712.69;0.06237074375430554
713.014;0.062066595047171665
713.337;0.061644745955429
713.661;0.061223242337746786
713.985;0.0608355549648604
714.308;0.06041878392631015
714.632;0.05986711517369777
714.955;0.05943677288284154
715.279;0.059016842035734624
715.603;0.058663711425520966
715.926;0.05833286720118663
716.25;0.0578546582873761
716.573;0.057370425780998234
716.897;0.05690080677438622
717.22;0.05641738462612635
717.544;0.055612668443546016
717.867;0.05477629350162252
718.191;0.053957086064076225
718.514;0.05336292006959731
718.837;0.05267391977276501
719.161;0.05187427598138967
719.484;0.05123435321523622
719.808;0.05045011836666805
720.131;0.04988058401005114
720.454;0.049359204382789644
720.778;0.04886291969912283
721.101;0.04839904519710254
721.424;0.04808511359965868
721.748;0.04776413259310912
722.071;0.04748155101196394
722.394;0.04710341950052668
722.717;0.04672301933998903
723.041;0.04628131054066233
723.364;0.045874173010064544
723.687;0.045565963184245536
724.01;0.04524789425881286
724.334;0.04537448141737178
724.657;0.04556354199049616
724.98;0.04589293873727856
725.303;0.0460953817690861
725.626;0.046363859830842076
725.949;0.04667719567785326
726.272;0.046851480938224194
726.595;0.04713680878429309
726.919;0.04735126475412736
727.242;0.047667267948363824
727.565;0.04808287086505052
727.888;0.048466412037910044
728.211;0.04881498678488951
728.534;0.04916112133029491
728.857;0.04961709709118463
729.18;0.05017213365813601
729.503;0.05065620543619292
729.826;0.0511901655403984
730.148;0.05178104101959253
730.471;0.05229575361937129
730.794;0.052775724579056
731.117;0.053208339267221946
731.44;0.053487764648894064
731.763;0.053582281224463645
732.086;0.05363055827109317
732.409;0.05358313337804069
732.731;0.053613826615220864
733.054;0.05371015860220772
733.377;0.05385070562498815
733.7;0.05398401239939653
734.022;0.054031338450080804
734.345;0.05405032536998804
734.668;0.054164497133843234
734.991;0.05429898791816091
735.313;0.054400870375128925
735.636;0.0543885370725723
735.959;0.05433825019832556
736.281;0.054352703501570884
736.604;0.05446269906742061
736.927;0.054553013922440996
737.249;0.0545573248886813
737.572;0.05462919711538618
737.894;0.054886476936264236
738.217;0.05522128551616889
738.54;0.055581683221531564
738.862;0.05594404379272643
739.185;0.05650734253234996
739.507;0.05697352540822138
739.83;0.05748709557051117
740.152;0.05797673090157437
740.475;0.05848367573921142
740.797;0.05891662711186185
741.119;0.05928661515009249
741.442;0.05965624702106781
741.764;0.060008371067039115
742.087;0.06040033057265496
742.409;0.06085821912125107
742.731;0.06137754483785835
743.054;0.061884665425330186
743.376;0.062484492020178285
743.698;0.06307751253930055
744.021;0.06372047696613324
744.343;0.06430810411581225
744.665;0.06458895560971346
744.988;0.06488838922042951
745.31;0.06523757478439784
745.632;0.06563084119512846
745.954;0.06583863414304818
746.277;0.06597819951260432
746.599;0.06613254211270256
746.921;0.06626533974747889
747.243;0.06632037948751082
747.565;0.06639642866560344
747.887;0.0664875410864966
748.21;0.06651904293964325
748.532;0.06652006003997521
748.854;0.0665640038692483
749.176;0.06654217874109437
749.498;0.06656274911641995
749.82;0.06670878221153208
750.142;0.06665780524025519
750.464;0.06660345990867657
750.786;0.06643624386420441
751.108;0.06633069892963603
751.43;0.06648108968597537
751.752;0.0666615878563463
752.074;0.06674427067262993
752.396;0.06689784542512867
752.718;0.06707769622584864
753.04;0.06737620393180918
753.361;0.0676139376500763
753.683;0.0677719354767411
754.005;0.06796079394854872
754.327;0.06815243282449654
754.649;0.06838410255379843
754.971;0.0687393013994615
755.293;0.06906746953748502
755.614;0.06929700899681454
755.936;0.06952076344018593
756.258;0.06974217429254037
756.58;0.06989331559793202
756.901;0.0700556053853743
757.223;0.07008876554613087
757.545;0.07041990175348581
757.866;0.07077454975341331
758.188;0.071097413325198
758.51;0.0714966762554071
758.831;0.0720119368566637
759.153;0.07247185290284991
759.475;0.07295786705502848
759.796;0.07345720531418423
760.118;0.07393350194357508
760.439;0.07451443700945437
760.761;0.07511045815662286
761.082;0.07571498244290667
761.404;0.07630274299027681
761.726;0.07675036742493412
762.047;0.07728090257926434
762.368;0.07780161955799553
762.69;0.0784729476257722
763.011;0.07911698008487875
763.333;0.0797459065243996
763.654;0.0804856448958786
763.976;0.08139911279881276
764.297;0.08207855665952919
764.618;0.0827198722368933
764.94;0.08322323656302992
765.261;0.08352134335612904
765.583;0.08375534639027958
765.904;0.08382669935064604
766.225;0.08390917599865255
766.546;0.0839549284656227
766.868;0.08398147367145072
767.189;0.08391575902855782
767.51;0.08381955435899219
767.831;0.08372077618078794
768.153;0.08359731545457326
768.474;0.08349167329301443
768.795;0.08340828184283385
769.116;0.08328207032214127
769.437;0.08301319112303791
769.759;0.08266646067408762
770.08;0.08229721854019893
770.401;0.08189560943643466
770.722;0.08141496152268025
771.043;0.08090909796017096
771.364;0.08039065272180315
771.685;0.0800309373393543
772.006;0.0797573065198762
772.327;0.07946538822686294
772.648;0.07924864290244475
772.969;0.07902810343925266
773.29;0.07875316579457378
773.611;0.07842283224442245
773.932;0.07820671783529642
774.253;0.07789998056296266
774.574;0.07755755766152185
774.895;0.07717132898737249
775.216;0.07682847140618261
775.537;0.07635609372600316
775.858;0.07594340284175695
776.178;0.07558060752961035
776.499;0.07528377148653966
776.82;0.07503414198118169
777.141;0.07468756725859008
777.462;0.0743297243840483
777.782;0.0740642360537224
778.103;0.07370015850754791
778.424;0.07326637619062955
778.745;0.07274428541269018
779.065;0.07221779556401084
779.386;0.07166958864449394
779.707;0.07110998737587464
780.027;0.07066075704997628
780.348;0.07027581014688673
780.669;0.06993451863611026
780.989;0.06971987997744453
781.31;0.06951793422530557
781.631;0.06934639092642318
781.951;0.06895483849095191
782.272;0.06862015707953181
782.592;0.06829086246889544
782.913;0.06806998909700508
783.233;0.0677539716150211
783.554;0.06740577376838851
783.874;0.0670610455409495
784.195;0.06664929346503624
784.515;0.06623429426160787
784.836;0.0658105759720791
785.156;0.0653939330214032
785.477;0.06503853351235332
785.797;0.0648059497460608
786.117;0.06460964633712363
786.438;0.06435577519103465
786.758;0.06397600532553964
787.079;0.06374221840492916
787.399;0.06344194591945056
787.719;0.06307799456988722
788.039;0.06269837413561122
788.36;0.0622244709724867
788.68;0.06193618489573932
789.0;0.06155022807615082
789.321;0.06128336068529199
789.641;0.060906950669679154
789.961;0.06054898230813909
790.281;0.06015117619357278
790.601;0.05996717801008326
790.922;0.05979835414677566
791.242;0.05965897160209047
791.562;0.05957339826853231
791.882;0.059303575590418454
792.202;0.05910305853195341
792.522;0.05876148856307932
792.842;0.05845456492436195
793.162;0.05813756296470038
793.482;0.05795013194697192
793.802;0.05749626204777572
794.122;0.05698661923705779
794.442;0.05651522394332409
794.762;0.056025532877232276
795.082;0.05552880361468665
795.402;0.0550990856443052
795.722;0.05466964714367453
796.042;0.053948299156322876
796.362;0.05319823502124575
796.682;0.052406941903343926
797.002;0.05170263257584524
797.322;0.05089602207668436
797.642;0.05015430376622919
797.962;0.04939911986931922
798.281;0.04872640974400691
798.601;0.04829493044953471
798.921;0.04789751652072349
799.241;0.04755743339961807
799.561;0.047045703784613445
799.88;0.046547653165563974
800.2;0.04594345164580906
800.52;0.04546242672637035
800.839;0.04494213235728137
801.159;0.044361070072607686
801.479;0.04379784199235405
801.799;0.043330153661730736
802.118;0.04277291784965392
802.438;0.04235250349189846
802.757;0.04213542498945615
803.077;0.04190954347126559
803.397;0.041796764357517155
803.716;0.04174243596614077
804.036;0.04165891840870868
804.355;0.041555758957609726
804.675;0.04151902566206612
804.994;0.04142784573790759
805.314;0.041293842238962014
805.633;0.04105908836134408
805.953;0.04076605086600499
806.272;0.04065047808491842
806.592;0.04054727082456361
806.911;0.04050140599702589
807.231;0.04048523567974931
807.55;0.040504388387701665
807.869;0.04061222793363669
808.189;0.04079324086040149
808.508;0.04088602937875591
808.827;0.04090632069244099
809.147;0.040938685653358745
809.466;0.040907391812346754
809.785;0.040870933120084434
810.105;0.04075432609395568
810.424;0.04046759478470894
810.743;0.040142841975864825
811.062;0.039784981629865615
811.382;0.0393184843091837
811.701;0.03882856581047467
812.02;0.03826128763801241
812.339;0.03769653703294243
812.658;0.0372290690306587
812.977;0.0367244240595402
813.296;0.03623388888624354
813.616;0.03567806890076641
813.935;0.035595845578441955
814.254;0.035569942746472454
814.573;0.035620380690568186
814.892;0.0354962285598027
815.211;0.03550390430305917
815.53;0.03566757630169116
815.849;0.03565507997361312
816.168;0.03580772744590792
816.487;0.03598624741381731
816.806;0.0361896252380424
817.125;0.03644155055349533
817.444;0.03671305016490997
817.763;0.03703837558166052
818.082;0.03732231076563344
818.4;0.037678107486925475
818.719;0.0380763761505731
819.038;0.03855767881923137
819.357;0.03901209736957327
819.676;0.03955444141104165
819.995;0.04008256404441889
820.313;0.040665076292193784
820.632;0.04084797732957994
820.951;0.04096780757950421
821.27;0.04093317173403608
821.588;0.040946160598638745
821.907;0.040868931507561136
822.226;0.04073234573600803
822.545;0.04078781410076154
822.863;0.040699422875027154
823.182;0.04064261427290469
823.501;0.04054121037602357
823.819;0.040474630942419376
824.138;0.040429971598548976
824.456;0.04039810976291899
824.775;0.04040965076546249
825.093;0.040381648500252915
825.412;0.0403615573083507
825.731;0.04028475973419626
826.049;0.04023350531647489
826.368;0.040019648974232436
826.686;0.039653623485121685
827.005;0.039321411052189864
827.323;0.03898883804522218
827.641;0.03875210664933248
827.96;0.03862267592766737
828.278;0.03859889604889365
828.597;0.038678422834793884
828.915;0.03879839596089245
829.233;0.03883720218199871
829.552;0.038898816670905174
829.87;0.038934017114959675
830.188;0.03903767091030215
830.507;0.03908343160181741
830.825;0.039107365341837716
831.143;0.039178461612639784
831.462;0.03924736599287212
831.78;0.039307034504026235
832.098;0.039358289022187
832.416;0.03939969819159247
832.735;0.039353914601472605
833.053;0.039425151190076106
833.371;0.03975525461810037
833.689;0.040065954832775814
834.007;0.04034642013800764
834.325;0.040599982270795025
834.643;0.04079758815318263
834.961;0.041017836198938
835.28;0.04114693589920056
835.598;0.04124641717336571
835.916;0.04134447877101474
836.234;0.04152445873610043
836.552;0.041727318957494194
836.87;0.04192885270908476
837.188;0.04214671613936321
837.506;0.04229927140496916
837.824;0.042357343961793664
838.142;0.042426682369917416
838.46;0.042453506558922105
838.777;0.04244717415774442
839.095;0.04240536382973774
839.413;0.04233816635971606
839.731;0.04215897431056772
840.049;0.04189161422044805
840.367;0.0416444214888471
840.685;0.04149922821857821
841.002;0.04130345347745903
841.32;0.0411743860729163
841.638;0.040962598665378054
841.956;0.04074351111194485
842.273;0.04052968273002732
842.591;0.040319253303029864
842.909;0.040093450062123
843.227;0.03979742909816546
843.544;0.03947626214805529
843.862;0.03915893080706801
844.18;0.03877195269686981
844.497;0.03842743408368888
844.815;0.038139608572669424
845.132;0.037906203486254876
845.45;0.03767847586213599
845.768;0.0374056754899985
846.085;0.037269776811386476
846.403;0.03716984994469469
846.72;0.03712062167781495
847.038;0.037087588739482334
847.355;0.03674000944707894
847.673;0.036469053568400966
847.99;0.03619311593995196
848.308;0.03590629048662407
848.625;0.03566773216971729
848.943;0.03544375682806255
849.26;0.035271580997239566
849.577;0.035096130316684016
849.895;0.03492701559317174
850.212;0.03477545760166267
850.529;0.03457713085581006
850.847;0.034463130358727286
851.164;0.03437827042855367
851.481;0.03428466262664865
851.799;0.03419981308090671
852.116;0.034168709298000914
852.433;0.03430464640818853
852.75;0.034329398450440744
853.068;0.03442451872219184
853.385;0.034437169375023786
853.702;0.034388657110588756
854.019;0.0344766854935987
854.336;0.03450215231649904
854.653;0.034421460482202265
854.971;0.034324276769910574
855.288;0.03424173753160856
855.605;0.03410282400168198
855.922;0.03390114481426504
856.239;0.033646159752237115
856.556;0.033422021246121446
856.873;0.03320268848184878
857.19;0.03295505447768052
857.507;0.032740210237022324
857.824;0.03242716872707238
858.141;0.03193785317098345
858.458;0.031398013864963166
858.775;0.030825296100472164
859.092;0.0302327412113384
859.409;0.029545339025096044
859.726;0.028760214320606263
860.043;0.02804608660265028
860.359;0.02731819915787409
860.676;0.02660450118453887
860.993;0.02605046392753032
861.31;0.02551577273489196
861.627;0.025105585223900863
861.944;0.024655775245752652
862.26;0.024186977123543965
862.577;0.02370841826750617
862.894;0.023257133423235193
863.211;0.02275491481401612
863.527;0.02226498935614886
863.844;0.021882371784487955
864.161;0.02154893451461338
864.477;0.02112709046860764
864.794;0.020732834750410788
865.111;0.02042250244798746
865.427;0.020095786784575652
865.744;0.019720508320004486
866.06;0.019418894675589982
866.377;0.019202243802014782
866.693;0.019005248585865334
867.01;0.018803963670357783
867.327;0.018531610365003184
867.643;0.018178591040312962
867.96;0.017918757553738007
868.276;0.01767324935246314
868.593;0.01749398012413644
868.909;0.01728546455243521
869.225;0.01706077668083615
869.542;0.01672647012229941
869.858;0.016489296787275398
870.175;0.016216069277563062
870.491;0.015846749936707736
870.807;0.015359420391156637
871.124;0.015108630177882767
871.44;0.014941101172840497
871.756;0.014718407821470008
872.073;0.014512160873992814
872.389;0.014207461506390441
872.705;0.013973306901291047
873.021;0.013739962906583872
873.338;0.013452241267139824
873.654;0.013263862050318851
873.97;0.013132340262530098
874.286;0.012922503207369894
874.602;0.012567467992949376
874.918;0.012162323186488857
875.235;0.01172744123901571
875.551;0.011375727594380554
875.867;0.011093748572617084
876.183;0.010878040593770545
876.499;0.010641668152543658
876.815;0.010506145099448616
877.131;0.01047655465601186
877.447;0.010624850675577795
877.763;0.010735543315961908
878.079;0.010852869689708602
878.395;0.010914130669263679
878.711;0.01107189941251589
879.027;0.01133140685277063
879.343;0.011650148194541667
879.659;0.012098448743794354
879.975;0.012429932222210466
880.291;0.01280658892364487
880.607;0.013160427596182746
880.922;0.013555428443178223
881.238;0.013921619293694565
881.554;0.014209830063456816
881.87;0.01456444001304838
882.186;0.014952572044910802
882.501;0.015297412727357896
882.817;0.015624417781624714
883.133;0.01592892893371515
883.449;0.016124753265660558
883.764;0.01624657027604706
884.08;0.0163122349841247
884.396;0.016340378361201953
884.711;0.01632833760851752
885.027;0.016324344968782892
885.343;0.01618915038470899
885.658;0.016022351316050412
885.974;0.015664452659984132
886.29;0.015245076143272219
886.605;0.014878348088185833
886.921;0.014375959026419147
887.236;0.013992410304842788
887.552;0.013451505147867809
887.867;0.013030442102772252
888.183;0.012645897845978115
888.498;0.01220398145588102
888.814;0.01174709199110168
889.129;0.011392390632711089
889.445;0.011139146486256139
889.76;0.010961009797555639
890.075;0.010757204482861825
890.391;0.010633255102727139
890.706;0.010426006202659993
891.021;0.010141379873680426
891.337;0.010000755114857528
891.652;0.009954360632373807
891.967;0.009998767196350945
892.283;0.010094241719392818
892.598;0.010271037888113052
892.913;0.010357927504647627
893.229;0.010480015136908171
893.544;0.010628711922034519
893.859;0.010699234794857734
894.174;0.010813759595658069
894.489;0.01098119254210744
894.804;0.01125110083299366
895.12;0.01143784573492379
895.435;0.011641088982884646
895.75;0.011776596239293075
896.065;0.01198773598839735
896.38;0.012188829011204683
896.695;0.01247057992070576
897.01;0.012781299574565074
897.325;0.01314390622876003
897.64;0.013526431522721443
897.955;0.013841002280532415
898.27;0.014134576637895666
898.585;0.01442037796489568
898.9;0.014561758796543162
899.215;0.014764108501041673
899.53;0.01500034806656542
899.845;0.015142080752414983
900.16;0.015303975766844276
900.475;0.015530763496510383
900.79;0.01584698925144239
901.104;0.01600796592436212
901.419;0.01607943082392297
901.734;0.01620607073503801
902.049;0.01624745563474699
902.364;0.016436660444245084
902.678;0.01642204968611221
902.993;0.016355111372310754
903.308;0.016192869037233684
903.623;0.015998429300856078
903.937;0.015794291526284546
904.252;0.015638849229702535
904.567;0.015481199470891254
904.881;0.015323993282939664
905.196;0.01511325500301347
905.511;0.015085466890693459
905.825;0.015075163237989752
906.14;0.015071576569749532
906.454;0.015193329725732134
906.769;0.015315501803272843
907.084;0.015429797321239797
907.398;0.01556828737752176
907.713;0.01567309724914719
908.027;0.01573374308013092
908.342;0.015700895372662456
908.656;0.015808034070252306
908.97;0.015792616296452306
909.285;0.01584495439729262
909.599;0.015920806834918696
909.914;0.016143855927273285
910.228;0.016288925859353643
910.542;0.016420643349619565
910.857;0.01666410442449797
911.171;0.01680779581295215
911.485;0.016945695960601498
911.8;0.017123144398675946
912.114;0.01727176390818168
912.428;0.01730693117526839
912.743;0.01728344273935556
913.057;0.017286218490797776
913.371;0.017295318040188804
913.685;0.01724780385572399
913.999;0.017191016726989385
914.314;0.017360840779120708
914.628;0.01752488083675131
914.942;0.017699130208664933
915.256;0.01783822955373973
915.57;0.017993001501608076
915.884;0.018178248820249106
916.198;0.01833269071841738
916.512;0.018425163898899928
916.827;0.01854556478082519
917.141;0.018700768976659534
917.455;0.018790421717677617
917.769;0.019081676990740044
918.083;0.01946477493529023
918.397;0.019948746428149075
918.711;0.02042040097345519
919.024;0.0209753674362603
919.338;0.021596022432036486
919.652;0.02220490093011759
919.966;0.022809562763323587
920.28;0.023402145911919976
920.594;0.024008521411435932
920.908;0.024527855910179017
921.222;0.02515073204057866
921.535;0.025987347019924095
921.849;0.026777259061797398
922.163;0.02752157211290359
922.477;0.02818092314491004
922.79;0.02878382231417249
923.104;0.029327309420279116
923.418;0.029850685197312196
923.732;0.030382093887071672
924.045;0.030904095481667077
924.359;0.031292969595201406
924.673;0.03156038246675665
924.986;0.031775528166555975
925.3;0.03194066075446126
925.614;0.03212700363833942
925.927;0.03224645109834867
926.241;0.032361218308417955
926.554;0.032475697040112585
926.868;0.03265761533361302
927.181;0.03282555611998074
927.495;0.03290942652783027
927.808;0.03286919228960383
928.122;0.032607860349759286
928.435;0.03233347716025264
928.749;0.03208267943658663
929.062;0.03196333505771799
929.376;0.0319219934816641
929.689;0.031942175181323404
930.002;0.03202477960662517
930.316;0.032072983242985735
930.629;0.0321153202240332
930.942;0.03215412799585482
931.256;0.03214130939817741
931.569;0.032110383734224715
931.882;0.03204744452965542
932.195;0.031907396872875145
932.509;0.03182498755105006
932.822;0.03168899125658753
933.135;0.031595556361170514
933.448;0.03138799135768643
933.762;0.03117993645760581
934.075;0.031038952061751064
934.388;0.031029436462116495
934.701;0.03109701253558231
935.014;0.03111204113951038
935.327;0.03104675977821669
935.64;0.030868952319179518
935.953;0.030644594797876235
936.266;0.030427281951063444
936.58;0.030239247799828034
936.893;0.030065407434547803
937.206;0.029871481157762676
937.519;0.029597811403422283
937.832;0.029473862267214084
938.144;0.029358414579179665
938.457;0.02931103632790162
938.77;0.029328762080332568
939.083;0.029325773265202734
939.396;0.029300381451783982
939.709;0.02924728995909238
940.022;0.029316978456019674
940.335;0.029283441047102864
940.648;0.029191630014400484
940.96;0.029083226581666483
941.273;0.028972435964544428
941.586;0.028958288974922745
941.899;0.02914338574244225
942.211;0.02934139227905618
942.524;0.029604031223907826
942.837;0.029849073619923908
943.15;0.030016391460355098
943.462;0.030116651653455766
943.775;0.030180761337936814
944.088;0.030366061058961336
944.4;0.030466517580420363
944.713;0.03056199593122209
945.025;0.030626482411796316
945.338;0.03064692593684092
945.651;0.030626797573483272
945.963;0.030682047041469613
946.276;0.03062636442519747
946.588;0.03049357864529476
946.901;0.030367867704591548
947.213;0.030355328109162673
947.526;0.030337997178418504
947.838;0.030419229008322776
948.151;0.030424133545495842
948.463;0.03026904401977776
948.775;0.030061009104484712
949.088;0.02994909084762146
949.4;0.02979657285772278
949.713;0.02962171773852859
950.025;0.02950228236587471
950.337;0.029478937831592597
950.65;0.029395355615696568
950.962;0.029278340835787606
951.274;0.029151551974940824
951.586;0.029049545643085053
951.899;0.028957331598658213
952.211;0.028928333773166438
952.523;0.028961834097077005
952.835;0.02905575461308166
953.147;0.029201677653363987
953.46;0.029320908090981673
953.772;0.029433299681297004
954.084;0.0294607681770161
954.396;0.029353294384711
954.708;0.02929705802778605
955.02;0.029255882402329896
955.332;0.029219700264185793
955.644;0.029029762526570985
955.956;0.02878746335397803
956.268;0.028537571403524534
956.58;0.028243486453705967
956.892;0.027942716353819883
957.204;0.02766668165639514
957.516;0.027507377598266696
957.828;0.027271147909531397
958.14;0.02702609455786919
958.452;0.026739504838165694
958.764;0.02660573303131688
959.076;0.026383682237431105
959.388;0.02622062835095879
959.699;0.02601115412580313
960.011;0.025883709294071567
960.323;0.025787218665640176
960.635;0.02571787170477354
960.947;0.02569919752167703
961.258;0.02570268724644161
961.57;0.02570697350073081
961.882;0.02568228304166294
962.194;0.025610865281523728
962.505;0.02560630473108412
962.817;0.02553658382165072
963.129;0.025577619032860956
963.44;0.0256251978661683
963.752;0.025674517196940423
964.063;0.025777792981117875
964.375;0.025935076430341965
964.687;0.026177092746598865
964.998;0.02649056895863694
965.31;0.026575033599982027
965.621;0.026697758145354456
965.933;0.026817010678429492
966.244;0.02689789007910814
966.556;0.027070376634512717
966.867;0.02720844388862329
967.179;0.02738745107979008
967.49;0.027510169262276448
967.801;0.027497009941314106
968.113;0.027522887631419437
968.424;0.027696905139055594
968.736;0.028052840462698354
969.047;0.028364863153050975
969.358;0.028802067678936703
969.67;0.02914244110665511
969.981;0.029499618221068107
970.292;0.029902487258343744
970.603;0.030120662679129193
970.915;0.0303147505889146
971.226;0.03031583360601176
971.537;0.030264130765308202
971.848;0.030198369381660956
972.16;0.030107662146729913
972.471;0.030011634940629407
972.782;0.029865541814142058
973.093;0.029704827105550113
973.404;0.029480509199840257
973.715;0.029137376386765532
974.026;0.028845233308691744
974.337;0.028569648613660407
974.648;0.028328191025678667
974.959;0.028086323797370152
975.27;0.027833314845111694
975.581;0.027598348891124818
975.892;0.02727749328003789
976.203;0.026936561246278315
976.514;0.02655912117735606
976.825;0.02605447803483789
977.136;0.025608351335126872
977.447;0.025180422495144284
977.758;0.02488876942536869
978.069;0.024670481926625132
978.38;0.024530480210907233
978.691;0.024438732101421133
979.001;0.02430542315005273
979.312;0.02432864018201487
979.623;0.024267089821229913
979.934;0.024265690597553298
980.244;0.024364112398720432
980.555;0.0244470946346719
980.866;0.024587495042697922
981.177;0.02466462132162061
981.487;0.0247242818207349
981.798;0.024663352623410014
982.109;0.024574270592677964
982.419;0.024509407674907047
982.73;0.024427873435778336
983.04;0.024313596938350023
983.351;0.02426444232838811
983.662;0.02421106463272959
983.972;0.024131753705004484
984.283;0.023980206589041698
984.593;0.023742560227695372
984.904;0.023574633164218237
985.214;0.02345963006977719
985.525;0.02330517311559435
985.835;0.023039117079797677
986.146;0.022703968686004085
986.456;0.022381640393565487
986.766;0.0220578312789599
987.077;0.021724312115461088
987.387;0.02134210187965804
987.698;0.020857113885652076
988.008;0.020376834966999047
988.318;0.019870873113174817
988.628;0.019445639954705822
988.939;0.01909338611757632
989.249;0.01875499414050745
989.559;0.018459803949360736
989.87;0.018114906769418022
990.18;0.017695512465949546
990.49;0.017304343294612837
990.8;0.016946548538637942
991.11;0.016576043635337965
991.42;0.01607879203207783
991.731;0.015480031633633309
992.041;0.014947198701298832
992.351;0.014374560061922111
992.661;0.013804331706420188
992.971;0.013197244886217966
993.281;0.01253416787436898
993.591;0.012045827039045418
993.901;0.011640331312666318
994.211;0.011338345916804759
994.521;0.01098782686702292
994.831;0.010744821408220962
995.141;0.01042295863080124
995.451;0.010064786031300784
995.761;0.009730147327099838
996.071;0.009168257647258525
996.381;0.008672103599122249
996.691;0.008240086907554518
997.0;0.007798970049430255
997.31;0.0073003914483837605
997.62;0.006898686871583942
997.93;0.006497305861190832
998.24;0.006073081176571199
998.549;0.005554032600189546
998.859;0.005155959173329767
999.169;0.004815793759745149
999.479;0.004460297232210722
999.788;0.0041795785397251315
1000.098;0.00381564959892246
1000.408;0.0033913293746117017
1000.717;0.0028882443237075745
1001.027;0.002401547534405751
1001.337;0.0019357182376305057
1001.646;0.001633177758898873
1001.956;0.0013832284905506479
1002.265;0.00109446296575002
1002.575;0.000898629801726921
1002.884;0.0007170852942369162
1003.194;0.0005467366345303144
1003.503;0.0003463116045748987
1003.813;0.0002219247104276216
1004.122;0.00010881469242639071
1004.432;3.0052705728241274e-05
1004.741;0.0
1005.051;6.802787195498028e-05
1005.36;0.00013672668399627202
1005.67;0.00025163586320608745
1005.979;0.0002986796623637688
1006.288;0.00027361342811901563
1006.598;0.00020846238523675555
1006.907;0.00020058251844243494
1007.216;0.000401261185566205
1007.525;0.000513699421282589
1007.835;0.000555300787066853
1008.144;0.000547904504662633
1008.453;0.0006175132106359667
1008.762;0.0006700072694046511
1009.072;0.0007720231473141731
1009.381;0.0008777910230844535
1009.69;0.0010079379266374883
1009.999;0.0012029643686867818
1010.308;0.0014731869080515285
1010.617;0.0017483436222235067
1010.926;0.0019908594708508216
1011.236;0.0021887805047591364
1011.545;0.002333190275856851
1011.854;0.002392355113397493
1012.163;0.0024255009228427815
1012.472;0.0025097198126542617
1012.781;0.0026624861963776194
1013.09;0.002804455476752171
1013.399;0.002858609202235314
1013.708;0.0028470170752233144
1014.017;0.0029060993382227463
1014.325;0.0029374194248314557
1014.634;0.0029321789759944763
1014.943;0.00279296042525444
1015.252;0.0027360626735662523
1015.561;0.0027776357775275103
1015.87;0.0027915439151978906
1016.179;0.0027501616403389556
1016.487;0.0027061005231814425
1016.796;0.0026375031187861942
1017.105;0.002555439186926429
1017.414;0.002548559060340708
1017.722;0.002601751416708815
1018.031;0.002736472631189784
1018.34;0.002866194224144177
1018.649;0.0030417655867961513
1018.957;0.003255845091461477
1019.266;0.003493414640877009
1019.574;0.003691054101810124
1019.883;0.0037977774856436434
1020.192;0.003817501472363706
1020.5;0.003856367500542819
1020.809;0.004086636533002642
1021.117;0.004364824342160454
1021.426;0.004666581411442892
1021.734;0.0049693923947163356
1022.043;0.0052695139231354405
1022.351;0.005536140071305483
1022.66;0.005831999414257537
1022.968;0.006015312674318406
1023.277;0.0060771146916496115
1023.585;0.0061672267480867805
1023.893;0.0061365660082307065
1024.202;0.005976673157738492
1024.51;0.0058461767923539115
1024.819;0.005641825972623625
1025.127;0.005442672749942203
1025.435;0.005298186462235238
1025.743;0.005243036529153138
1026.052;0.005263502444985181
1026.36;0.005403892473118923
1026.668;0.0055779817700146
1026.976;0.005714389506164522
1027.285;0.005683205794088128
1027.593;0.005635031070861885
1027.901;0.005591426163328764
1028.209;0.00554846690927116
1028.517;0.005511890044607379
1028.825;0.005609915987913519
1029.134;0.005691774148890884
1029.442;0.0059111254365953846
1029.75;0.006250712485291507
1030.058;0.0065247665497460495
1030.366;0.006865515702146805
1030.674;0.007318268043087062
1030.982;0.007700306046773124
1031.29;0.00819050460006669
1031.598;0.008657478832768815
1031.906;0.009080907563434442
1032.214;0.009313237295887492
1032.522;0.009485741751201232
1032.829;0.00967236665957605
1033.137;0.009829651658066043
1033.445;0.010198375677485255
1033.753;0.010550566178382705
1034.061;0.010791992705874658
1034.369;0.011000334260085388
1034.676;0.011155953285280972
1034.984;0.011223960346415724
1035.292;0.011197641743176612
1035.6;0.011173114727367067
1035.907;0.011077666374725693
1036.215;0.010977954184011568
1036.523;0.01093336201847301
1036.831;0.010888539264582142
1037.138;0.010696470448946704
1037.446;0.010564682828202752
1037.753;0.010471061832119122
1038.061;0.010432086230422407
1038.369;0.010486762861108664
1038.676;0.010559807636068768
1038.984;0.0106134774916475
1039.291;0.010730861510575031
1039.599;0.010849755894314266
1039.906;0.010835441158549137
1040.214;0.01086637096028813
1040.521;0.010921235006246156
1040.829;0.01096006280790105
1041.136;0.011003473044408593
1041.444;0.01107996166882448
1041.751;0.01122358884343232
1042.058;0.011276312536118306
1042.366;0.01128935641614963
1042.673;0.011259024058497573
1042.98;0.011178539031981762
1043.288;0.011066516408615303
1043.595;0.011055003939783132
1043.902;0.011016711922205269
1044.21;0.010872922569000885
1044.517;0.010660181182139171
1044.824;0.010354083557468382
1045.131;0.010019710624467321
1045.439;0.009624662102250766
1045.746;0.009176661546968806
1046.053;0.008685943008281353
1046.36;0.008117226336916675
1046.667;0.007504920662229747
1046.974;0.006959808086568387
1047.281;0.006471147676238423
1047.588;0.005984908364851237
1047.896;0.005484122431258923
1048.203;0.0049421946625302
1048.51;0.004505483026246576
1048.817;0.004208315285949513
1049.124;0.003936667665078448
1049.431;0.003690907682302084
1049.738;0.00354169089961349
1050.044;0.003426085710198224
1050.351;0.003304424753639357
1050.658;0.0032975301734836896
1050.965;0.0032856872788023643
1051.272;0.0033143581892663525
1051.579;0.0034976807140370035
1051.886;0.004889649724851811
1052.193;0.004552073031216055
1052.499;0.004037672535281974
1052.806;0.005937002762722966
1053.113;0.006742104903487848
1053.42;0.006276087727207657
1053.726;0.006518336087914433
1054.033;0.006745778276796413
1054.34;0.008430263949002221
1054.647;0.008469402189160225
1054.953;0.008548073342304398
1055.26;0.00862726272168326
1055.566;0.008706960720248527
1055.873;0.008787157730950792
1056.18;0.00886784414674251
1056.486;0.00894901036057465
1056.793;0.009030646765398923
1057.099;0.009112743754167039
1057.406;0.009195291719829968
1057.712;0.009278281055339791
1058.019;0.009361702153647476
1058.325;0.009445545407705478
1058.632;0.009529801210464395
1058.938;0.009614459954875936
1059.245;0.009699512033891813
1059.551;0.009784947840463737
1059.857;0.009870757767542676
1060.164;0.009956932208080712
1060.47;0.010043461555029188
1060.777;0.010130336201339438
1061.083;0.01021754653996318
1061.389;0.010305082963851747
1061.695;0.010392935865956854
1062.002;0.01048109563922984
1062.308;0.010569552676622416
1062.614;0.010658297371085921
1062.92;0.010747320115572067
1063.227;0.010836611303032194
1063.533;0.010926161326418013
1063.839;0.011015960578681233
1064.145;0.011105999452772453
1064.451;0.011196268341644498
1064.757;0.011286757638247593
1065.063;0.011377457735534193
1065.37;0.011468359026455637
1065.676;0.011559451903963264
1065.982;0.011650726761008414
1066.288;0.011742173990543172
1066.594;0.011833783985518502
1066.9;0.011925547138886489
1067.206;0.012017453843598102
1067.512;0.01210949449260505
1067.818;0.012201659478858673
1068.123;0.012293939195311056
1068.429;0.012386324034913536
1068.735;0.012478804390617083
1069.041;0.01257137065537378
1069.347;0.012664013222134963
1069.653;0.012756722483852347
1069.959;0.012849488833476898
1070.264;0.012942302663961071
1070.57;0.013035154368255463
1070.876;0.013128034339311784
1071.182;0.013220932970082118
1071.487;0.013313840653517433
1071.793;0.01340674778256944
1072.099;0.01349964475018985
1072.405;0.013592521949329629
1072.71;0.013685369772940863
1073.016;0.01377817861397489
1073.321;0.013870938865383051
1073.627;0.013963640920117055
1073.933;0.014056275171128615
1074.238;0.014148832011368698
1074.544;0.014241301833789386
1074.849;0.014333675031342022
1075.155;0.014425941996977942
1075.46;0.01451809312364886
1075.766;0.014610118804306113
1076.071;0.014702009431901785
1076.377;0.014793755399386472
1076.682;0.014885347099712258
1076.988;0.014976774925830853
1077.293;0.015068029270693227
1077.598;0.01515910052725146
1077.904;0.01524997908845652
1078.209;0.015340655347260493
1078.514;0.015431119696614343
1078.82;0.015521362529470156
1079.125;0.015611374238778898
1079.43;0.015701145217492656
1079.736;0.01579066585856239
1080.041;0.01587992655494019
1080.346;0.01596891769957702
1080.651;0.016057629685424967
1080.956;0.016146052905434995
1081.262;0.016234177752558816
1081.567;0.01632199461974814
1081.872;0.01640949389995431
1082.177;0.016496665986129037
1082.482;0.016583501271223287
1082.787;0.016669990148189512
1083.092;0.016756123009978315
1083.397;0.016841890249541774
1083.702;0.0169272822598316
1084.007;0.01701228943379839
1084.312;0.017096902164394603
1084.617;0.017181110844571572
1084.922;0.01726490586728027
1085.227;0.017348277625472773
1085.532;0.017431216512100427
1085.837;0.017513712920114943
1086.142;0.017595757242467286
1086.447;0.01767733987210954
1086.752;0.017758451201993045
1087.057;0.017839081625069513
1087.361;0.017919221534289913
1087.666;0.01799886132260632
1087.971;0.018077991382970084
1088.276;0.018156602108332913
1088.581;0.01823468389164577
1088.885;0.018312227125860742
1089.19;0.018389222203928798
1089.495;0.018465659518802018
1089.799;0.018541529463431742
1090.104;0.01861682243076931
1090.409;0.018691528813766435
1090.713;0.018765639005374826
1091.018;0.018839143398545453
1091.323;0.018912032386230397
1091.627;0.018984296361381
1091.932;0.019055925716948228
1092.236;0.019126910845884533
1092.541;0.019197242141140887
1092.845;0.019266909995669
1093.15;0.01933590480242021
1093.454;0.01940421695434586
1093.759;0.019471836844398405
1094.063;0.019538754865528064
1094.368;0.019604961410687294
1094.672;0.019670446872827436
1094.976;0.01973520164489983
1095.281;0.019799216119856185
1095.585;0.019862480690647843
1095.889;0.01992498575022614
1096.194;0.019986721691543165
1096.498;0.02004767890755025
1096.802;0.02010784779119837
1097.107;0.020167218735439973
1097.411;0.02022578213322566
1097.715;0.020283528377507513
1098.019;0.02034044786123687
1098.323;0.02039653097736544
1098.628;0.02045176811884457
1098.932;0.02050614967862597
1099.236;0.0205596660496606
1099.54;0.020612307624900548
1099.844;0.020664064797297526
1100.148;0.02071492795980213
