Wavelength;Intensity
174.456;0.02314517170077934
174.799;0.023440097569230028
175.142;0.02371519915391279
175.485;0.023970936000882685
175.828;0.024207767656194746
176.17;0.024426153665904022
176.513;0.02462655357606557
176.856;0.024809426932734427
177.199;0.024975233281965645
177.542;0.025124432169814272
177.884;0.025257483142335353
178.227;0.025374845745583935
178.57;0.025476979525615066
178.913;0.025564344028483794
179.255;0.02563739880024517
179.598;0.025696603386954234
179.941;0.025742417334666038
180.284;0.025775300189435628
180.626;0.02579571149731805
180.969;0.025804110804368355
181.312;0.025800957656641588
181.654;0.02578671160019279
181.997;0.02576183218107702
182.34;0.02572677894534932
182.682;0.025682011439064734
183.025;0.02562798920827831
183.368;0.025565171799045102
183.71;0.02549401875742015
184.053;0.025414989629458505
184.395;0.025328543961215217
184.738;0.025235141298745326
185.081;0.025135241188103886
185.423;0.02502930317534594
185.766;0.024917786806526527
186.108;0.024801151627700718
186.451;0.024679857184923538
186.793;0.024554363024250046
187.136;0.02442512869173528
187.478;0.024292613733434297
187.821;0.024157277695402143
188.163;0.02401958012369386
188.506;0.023879980564364498
188.848;0.0237389385634691
189.191;0.02359691366706272
189.533;0.023454365421200406
189.876;0.023311753371937194
190.218;0.02316953706532815
190.561;0.023028176047428302
190.903;0.02288812986429271
191.245;0.02274985806197642
191.588;0.022288601107575787
191.93;0.021777253238540385
192.272;0.022485703327465155
192.615;0.022730443629305253
192.957;0.02223759291633914
193.3;0.022259650118036673
193.642;0.022497807491723473
193.984;0.022599211607392505
194.327;0.0224032074596902
194.669;0.02235163538395771
195.011;0.02261919500049677
195.353;0.02280895382477419
195.696;0.02228235459360134
196.038;0.021930041108841527
196.38;0.021937422490856208
196.722;0.022510031185169532
197.065;0.021899510421722234
197.407;0.021419253800911576
197.749;0.021302322379016112
198.091;0.022993170299449563
198.434;0.022504660134262083
198.776;0.02210491586690327
199.118;0.022289911423117717
199.46;0.022649131524267365
199.802;0.022703412117000037
200.144;0.022417986837465098
200.487;0.022782411630582197
200.829;0.022969456139982473
201.171;0.023226497664718435
201.513;0.02289100996581105
201.855;0.022945801420217165
202.197;0.023171660229944872
202.539;0.02317063151248008
202.881;0.022645550109909825
203.223;0.022944150088219123
203.565;0.0230625654385159
203.907;0.02274427312745124
204.249;0.02198138236112693
204.591;0.022589518106069746
204.933;0.022863607424090545
205.275;0.022590422898964818
205.617;0.022000242575572794
205.959;0.022279861113643242
206.301;0.02265465742285047
206.643;0.02264614104253412
206.985;0.022435204780658805
207.327;0.022656726393493455
207.669;0.022938406762276296
208.011;0.022881291287555526
208.353;0.02250459825205795
208.695;0.0225331454665378
209.037;0.023004303482285438
209.379;0.023212259065703726
209.721;0.02278154475138393
210.062;0.02285879834319637
210.404;0.02289513573306245
210.746;0.022346081009260027
211.088;0.0215816913909011
211.43;0.021600140454443598
211.772;0.021889561950648204
212.113;0.02126838623534521
212.455;0.020656064830540194
212.797;0.020583530716979936
213.139;0.02168858061496302
213.48;0.02172840465730952
213.822;0.02131127995934758
214.164;0.021486482447758793
214.506;0.021845395979671552
214.847;0.02149158411165802
215.189;0.021099264546782646
215.531;0.02109219822857436
215.872;0.021096483540128046
216.214;0.020804771617996272
216.556;0.020141917126339382
216.898;0.020735616038872088
217.239;0.021008305433418358
217.581;0.020941404623855246
217.922;0.02056440452557016
218.264;0.02081453108868653
218.606;0.021270710404759127
218.947;0.020830047674515993
219.289;0.02055564005034107
219.63;0.020741287963745417
219.972;0.021165786321502723
220.314;0.02089669225844715
220.655;0.020416470507864732
220.997;0.02051519108851506
221.338;0.021194411179180687
221.68;0.020690908552697146
222.021;0.020112697186027616
222.363;0.020504063968407715
222.704;0.020795516618152377
223.046;0.02038567498190587
223.387;0.020028633262999862
223.729;0.020165460642427153
224.07;0.02036737278554133
224.412;0.020143986441994843
224.753;0.019749286377925723
225.094;0.019958168075112328
225.436;0.020603960697071537
225.777;0.02061656906251499
226.119;0.020629621020054705
226.46;0.020643397944279274
226.801;0.02065674836799218
227.143;0.02067352431405087
227.484;0.0206902183595665
227.825;0.02070661580681804
228.167;0.02072440547672775
228.508;0.020745101911622335
228.849;0.02076704821393306
229.191;0.02078791217090217
229.532;0.02080866428010097
229.873;0.020832616636294092
230.215;0.020857747447451003
230.556;0.020882853641438652
230.897;0.020911126589917624
231.238;0.02093830191855743
231.58;0.020964606441878846
231.921;0.02098838696967419
232.262;0.02101464965133495
232.603;0.02103425752304806
232.944;0.02105273057056894
233.286;0.021071307543799715
233.627;0.02109198390929289
233.968;0.021112027002862306
234.309;0.02113299282893348
234.65;0.02115554884845115
234.991;0.021174842882899662
235.332;0.021195530056085016
235.673;0.021212452437494946
236.015;0.021230506414857686
236.356;0.021246548869521535
236.697;0.02126203611301783
237.038;0.021271717862753916
237.379;0.021280382772785118
237.72;0.02128714933960064
238.061;0.021294601342639188
238.402;0.021298945868642543
238.743;0.021303790287904557
239.084;0.021304647249276696
239.425;0.021303269770931915
239.766;0.021300373998730734
240.107;0.021299473414522943
240.448;0.021298786248187398
240.789;0.021297600241185863
241.13;0.021294702102154194
241.471;0.021291222241786263
241.812;0.021287616167694017
242.153;0.021285389377811128
242.494;0.021277754876479194
242.834;0.02126985868358461
243.175;0.021263522264521138
243.516;0.021255883421194367
243.857;0.02124464802929409
244.198;0.02122742614002018
244.539;0.02121422979796546
244.88;0.021199864197164728
245.22;0.021186832633197063
245.561;0.021174887052913555
245.902;0.021163792141773018
246.243;0.021152105789948448
246.584;0.021140116630837622
246.924;0.021137659346167303
247.265;0.02113522808084056
247.606;0.021129994952518334
247.947;0.021120205140449714
248.287;0.021110120889731576
248.628;0.02110000736802347
248.969;0.021084216244046897
249.31;0.02106757333027809
249.65;0.021048585387628212
249.991;0.021029188765515395
250.332;0.021010920690676376
250.672;0.020997043824818377
251.013;0.020985271770339525
251.354;0.02097304879826133
251.694;0.020961496753685624
252.035;0.0209479579835415
252.375;0.02093529990792447
252.716;0.02092385288910657
253.057;0.020908494762521577
253.397;0.02089508159455431
253.738;0.020882870248691163
254.078;0.020873042475710982
254.419;0.0208633837418502
254.759;0.02085409874187286
255.1;0.020843770011658512
255.44;0.02083412377047184
255.781;0.02082306848189799
256.121;0.02081160218310314
256.462;0.020801328149390452
256.802;0.020787984956350265
257.143;0.02077835845045442
257.483;0.020770667524111528
257.824;0.020762761707100324
258.164;0.020759009111884684
258.505;0.020753499656063937
258.845;0.020748287717070938
259.185;0.0207439737500026
259.526;0.02073918009005991
259.866;0.020735799767715314
260.207;0.020733626919539134
260.547;0.020734034337590263
260.887;0.020734446291385114
261.228;0.0207364076161314
261.568;0.020742094319386502
261.908;0.020746342677971676
262.249;0.020751607157779645
262.589;0.02075807749555214
262.929;0.0207648487763892
263.269;0.020771859238809007
263.61;0.02078222616873422
263.95;0.020792009568492656
264.29;0.020801483364523646
264.63;0.020809408709208957
264.971;0.020815206771974376
265.311;0.02082211628545899
265.651;0.02082957678779653
265.991;0.020838244954684594
266.331;0.02084689872724171
266.672;0.020855986170541893
267.012;0.020865493091057234
267.352;0.020877621817414288
267.692;0.020891367503179954
268.032;0.020903357715364414
268.372;0.02091002674841936
268.713;0.020916790120983686
269.053;0.020924135460817898
269.393;0.020926260583524012
269.733;0.02092261139970599
270.073;0.020914038735622163
270.413;0.020908107919927563
270.753;0.020902945531908617
271.093;0.020900639749399156
271.433;0.020897012163730907
271.773;0.020892988283377302
272.113;0.020884606745383755
272.453;0.020875298034696513
272.793;0.020869816917273923
273.133;0.02086426810301663
273.473;0.020858710021599162
273.813;0.020853936538553636
274.153;0.02084991267078529
274.493;0.020846716854764406
274.833;0.020842610373742517
275.173;0.02083794820419496
275.513;0.02083781968055442
275.852;0.020840288482741616
276.192;0.020839661743128905
276.532;0.020840178311456188
276.872;0.020837726000528696
277.212;0.020836184076604237
277.552;0.02083504672806538
277.892;0.02083051529580139
278.231;0.020827896574951578
278.571;0.020816407300762677
278.911;0.02080519460433461
279.251;0.02079073610259185
279.591;0.02077514888211117
279.93;0.020755898239554777
280.27;0.02073149341969922
280.61;0.020704359333838025
280.95;0.020678509077157826
281.289;0.02066125393971132
281.629;0.02063904341676182
281.969;0.02061384869997956
282.308;0.020585882417652
282.648;0.020556731129853092
282.988;0.020529463957673574
283.328;0.020498844100700946
283.667;0.02046778616782363
284.007;0.020437461436800017
284.346;0.02040366608483296
284.686;0.020367669817636175
285.026;0.020336990386051
285.365;0.020305279085716072
285.705;0.0202707844850028
286.044;0.020233704873900176
286.384;0.020195012865265108
286.724;0.02015487114891327
287.063;0.02011511835789572
287.403;0.020073445559780786
287.742;0.020032679523071934
288.082;0.01998847788426618
288.421;0.019940057749051797
288.761;0.01988611122146321
289.1;0.019831497963596414
289.44;0.019774181171690757
289.779;0.01971568395005775
290.119;0.019656208924909626
290.458;0.019595711910761447
290.797;0.019539640209003457
291.137;0.01947822790617406
291.476;0.019416439905359052
291.816;0.019351341619090905
292.155;0.01928514803580576
292.494;0.0192227723112871
292.834;0.01915999612467865
293.173;0.01910086761863103
293.512;0.01904457855524525
293.852;0.018984696605275957
294.191;0.018927469529199468
294.53;0.0188709629275113
294.87;0.018818404671610875
295.209;0.01876459584271814
295.548;0.018707125073523775
295.888;0.018653115918795895
296.227;0.01859812293630159
296.566;0.01854012421881916
296.905;0.018479886560425422
297.245;0.01842043169614229
297.584;0.018359396853796017
297.923;0.018299249913803717
298.262;0.018236525142391005
298.601;0.018172180962814775
298.941;0.01810790701379871
299.28;0.018041164163436423
299.619;0.01797394165739444
299.958;0.017909944702094074
300.297;0.01784640569859141
300.636;0.01778473668275184
300.975;0.017723152423988687
301.315;0.017663147429696425
301.654;0.01760159020679711
301.993;0.01754042286010059
302.332;0.01748026946186591
302.671;0.01741733600511966
303.01;0.017355058021176675
303.349;0.01729449187643609
303.688;0.017235950103303505
304.027;0.017179290009780985
304.366;0.017121950006407455
304.705;0.01706851108972767
305.044;0.017013992595421367
305.383;0.01696060295003428
305.722;0.016907673345197247
306.061;0.0168564260135004
306.4;0.01680645184790262
306.739;0.016757120087119267
307.078;0.016711085375863157
307.417;0.016666358991918387
307.755;0.01662265513709775
308.094;0.016579407906289822
308.433;0.01653820121786636
308.772;0.016496578941393707
309.111;0.016456061500523006
309.45;0.01641566699824306
309.789;0.016371642839739044
310.127;0.016328728904210006
310.466;0.0162852068230283
310.805;0.016243456088085906
311.144;0.016203330962713917
311.483;0.016162627276909928
311.821;0.016122142863047927
312.16;0.0160830886447798
312.499;0.016053388295997402
312.838;0.016022057924226403
313.176;0.015990574701908185
313.515;0.01595891818240418
313.854;0.015928024258149525
314.192;0.015897877830840325
314.531;0.015868293666692783
314.87;0.01584008232899317
315.208;0.015806803565233302
315.547;0.015775750231827614
315.886;0.015744444056862164
316.224;0.01571398916972145
316.563;0.015679438783200158
316.902;0.015643366175179262
317.24;0.015612661093231098
317.579;0.015583841688115845
317.917;0.015557032160797984
318.256;0.015534893529262154
318.594;0.015511522624263103
318.933;0.015479676944053547
319.272;0.015447271651282372
319.61;0.015416219037320683
319.949;0.015386044331733992
320.287;0.015356311428972313
320.626;0.015327143655524959
320.964;0.015295530927434953
321.303;0.015262990459833594
321.641;0.015228080442855925
321.979;0.01519423141355278
322.318;0.015160275620443375
322.656;0.015127250768791976
322.995;0.015093905866364807
323.333;0.015062663535461145
323.671;0.01503217150553092
324.01;0.015002493890697964
324.348;0.014974490864942461
324.687;0.014947761541963195
325.025;0.014926077870620608
325.363;0.014905507305880743
325.702;0.014888760767887154
326.04;0.014874380854359262
326.378;0.014857605981334265
326.717;0.014844562156838423
327.055;0.014830695044717209
327.393;0.014816616758827903
327.731;0.014804447509056063
328.07;0.014790915817679776
328.408;0.014776378239382009
328.746;0.014758937823021121
329.084;0.014741900229648589
329.422;0.01472255484341161
329.761;0.014699981862650927
330.099;0.014680209146637873
330.437;0.014661718761358274
330.775;0.014641755390280333
331.113;0.014620340021769916
331.451;0.014598667326216902
331.79;0.014573925357187281
332.128;0.014550347889114286
332.466;0.014527904533404797
332.804;0.01450780899641589
333.142;0.014487337245606037
333.48;0.014465465429436875
333.818;0.014442557316189838
334.156;0.014421992515178384
334.494;0.014398695203328572
334.832;0.014373039970161199
335.17;0.014343855459280045
335.508;0.014312664472709891
335.846;0.014280060496600236
336.184;0.014250031213291442
336.522;0.01422020288532127
336.86;0.014188956425730898
337.198;0.014157519445906257
337.536;0.014128398068540748
337.874;0.014102887844101233
338.212;0.01408022638287089
338.55;0.014053488324518804
338.888;0.014025205602823958
339.226;0.013993972703410296
339.564;0.013963306243460568
339.901;0.013933615989098737
340.239;0.013906723417021259
340.577;0.013879171823898813
340.915;0.013851102765288387
341.253;0.01382531430095196
341.591;0.013798790272500533
341.928;0.013772028203075683
342.266;0.01374155658515452
342.604;0.013712617915462643
342.942;0.01368268068619605
343.279;0.01365184527835002
343.617;0.013619980535399525
343.955;0.013587185476807108
344.293;0.01355334090340743
344.63;0.013520879271237119
344.968;0.013489650897867704
345.306;0.013456484267731885
345.643;0.01342400744186622
345.981;0.013392193464808244
346.319;0.013358746549069565
346.656;0.013330013969903179
346.994;0.013300217698193317
347.332;0.013271980307482554
347.669;0.013244263427972842
348.007;0.013218206906497379
348.344;0.013193085792804302
348.682;0.013169476923786288
349.02;0.013143125235880569
349.357;0.01311866530917974
349.695;0.013097508639344939
350.032;0.013078735744077905
350.37;0.013065940568647046
350.707;0.013056948945668384
351.045;0.013045778978843148
351.382;0.01303471415481062
351.72;0.013025592832150976
352.057;0.01301545124699656
352.395;0.013009875936678865
352.732;0.013009139043496284
353.07;0.013007938551181191
353.407;0.013005868447624329
353.744;0.012997314214132645
354.082;0.012988898350684279
354.419;0.01298119742114391
354.757;0.012975983321654566
355.094;0.01297242491667929
355.431;0.012968609117406424
355.769;0.012965999477983995
356.106;0.012966911806563982
356.443;0.01296938363025566
356.781;0.012975961799176676
357.118;0.01298235606634742
357.455;0.012992822785840855
357.793;0.0130052968090853
358.13;0.013018547324271225
358.467;0.013031656545705641
358.804;0.01304403957495551
359.142;0.013059837677819448
359.479;0.013077754907996113
359.816;0.0130994327987765
360.153;0.01312123319856543
360.49;0.013139105344573397
360.828;0.013156222523763084
361.165;0.013170703337408185
361.502;0.013183171145057272
361.839;0.013195237861032933
362.176;0.013207910233986226
362.513;0.013219952661211797
362.85;0.01322594435589697
363.187;0.013231077239337108
363.525;0.013238521270695648
363.862;0.013244006294518794
364.199;0.01324814029028569
364.536;0.013254430846818212
364.873;0.01325973097289201
365.21;0.013266402800676275
365.547;0.01327493606768601
365.884;0.013282452011300055
366.221;0.013293408122253932
366.558;0.013304832820672427
366.895;0.013319538513193226
367.232;0.013336910992797857
367.569;0.01335432508135606
367.906;0.013371790217492152
368.243;0.013390268201000083
368.58;0.013409713659131944
368.916;0.013427039842294718
369.253;0.013443487434432346
369.59;0.013462011062193122
369.927;0.013479019426820468
370.264;0.01349742623427052
370.601;0.013517182812453243
370.938;0.013537023025059101
371.275;0.013554442992456757
371.611;0.013566507916034885
371.948;0.013575709306438963
372.285;0.013585936274085076
372.622;0.013595445750209791
372.958;0.013609932104335223
373.295;0.013626278367895674
373.632;0.013644714151343622
373.969;0.01366324469209951
374.305;0.013681248878967453
374.642;0.013698425518139615
374.979;0.013712262813295024
375.316;0.0137263098052541
375.652;0.0137396358933228
375.989;0.013755349425644709
376.326;0.013769982757249494
376.662;0.013785316822340528
376.999;0.013797868560286598
377.336;0.013812180245272587
377.672;0.013830133176064163
378.009;0.013849010843780589
378.345;0.013868168265633165
378.682;0.013887322856122894
379.019;0.013906963812961345
379.355;0.013927123374213726
379.692;0.013948736947181456
380.028;0.013970130089160872
380.365;0.013988033446693672
380.701;0.01400738334133951
381.038;0.014028906239593495
381.374;0.014051811580075301
381.711;0.014080035407803724
382.047;0.014111125507002248
382.384;0.014143200867644734
382.72;0.014177541272470544
383.056;0.01420950599096253
383.393;0.014497098185004146
383.729;0.01477881656455862
384.066;0.015052035341952274
384.402;0.015313656503784431
384.738;0.015566439044769393
385.075;0.015813909272499593
385.411;0.016051901973430753
385.748;0.01627715464329162
386.084;0.016491444766802088
386.42;0.01669843142829155
386.757;0.016897400119826992
387.093;0.01708516771213116
387.429;0.017270750231482723
387.765;0.017451345511878037
388.102;0.017623807579494784
388.438;0.017784946969219027
388.774;0.017939806882329316
389.11;0.01809076927181732
389.447;0.01823411879259236
389.783;0.018365577190946576
390.119;0.01848910862632741
390.455;0.01860660985500537
390.791;0.018719289366466732
391.128;0.01881852799120635
391.464;0.018909239921488036
391.8;0.018995173599231325
392.136;0.01907501457219149
392.472;0.019143974741908317
392.808;0.01920173358145035
393.144;0.019252389686252265
393.48;0.019291088622712216
393.816;0.019318785068328938
394.152;0.019339131642616268
394.489;0.019353614553751255
394.825;0.01936138638399684
395.161;0.01936057777551406
395.497;0.019350625585455642
395.833;0.019334375636889573
396.169;0.01931114431516893
396.505;0.019281001939030862
396.841;0.019246508319967867
397.176;0.019206842100949483
397.512;0.019160880657629872
397.848;0.019106632866172826
398.184;0.019044166120004084
398.52;0.01898020324069784
398.856;0.018910452159938865
399.192;0.018830240574640528
399.528;0.018745371469446985
399.864;0.018654348037949395
400.2;0.01855793814156688
400.535;0.01845038091266858
400.871;0.01833597759927436
401.207;0.01821817409525781
401.543;0.018094431476489575
401.879;0.01796076278544407
402.214;0.017821711232104416
402.55;0.01768379568677303
402.886;0.017544616099976682
403.222;0.017398177004017364
403.557;0.017247318102320303
403.893;0.017094164395426412
404.229;0.01693821734671996
404.565;0.016776577349503517
404.9;0.01661313057405199
405.236;0.016452582252584277
405.572;0.016292694894459923
405.907;0.01612810374284436
406.243;0.015962861111159365
406.579;0.015797470326996674
406.914;0.015631255520293562
407.25;0.01546036647357619
407.585;0.015287465371250331
407.921;0.015117875615467333
408.257;0.014949913120168296
408.592;0.014781275580303394
408.928;0.01461428768032027
409.263;0.014453764507889336
409.599;0.014296927956977845
409.934;0.014141913371904562
410.27;0.013992152430730436
410.605;0.013853285479827403
410.941;0.013723304322772774
411.276;0.013597335288873809
411.612;0.013481882049767599
411.947;0.013380232701009813
412.283;0.013290626999766849
412.618;0.013212529913852496
412.953;0.013150419096791129
413.289;0.013107730751325215
413.624;0.013083780466890339
413.96;0.013078738025376714
414.295;0.013097576425639202
414.63;0.013142467175002762
414.966;0.013215028906234608
415.301;0.013311361041822983
415.636;0.013437965018118515
415.972;0.013601306827131291
416.307;0.013802533211374866
416.642;0.014042029728303844
416.977;0.014042029728303844
417.313;0.014042029728303844
417.648;0.014042029728303844
417.983;0.014042029728303844
418.318;0.014042029728303844
418.654;0.014042029728303844
418.989;0.014042029728303844
419.324;0.014042029728303844
419.659;0.014042029728303844
419.994;0.014042029728303844
420.33;0.014042029728303844
420.665;0.014042029728303844
421.0;0.014042029728303844
421.335;0.014042029728303844
421.67;0.014042029728303844
422.005;0.014042029728303844
422.34;0.014042029728303844
422.675;0.014042029728303844
423.01;0.014042029728303844
423.345;0.014042029728303844
423.681;0.014042029728303844
424.016;0.014042029728303844
424.351;0.014042029728303844
424.686;0.014042029728303844
425.021;0.014042029728303844
425.356;0.014042029728303844
425.691;0.014042029728303844
426.025;0.014042029728303844
426.36;0.014042029728303844
426.695;0.014042029728303844
427.03;0.014042029728303844
427.365;0.014042029728303844
427.7;0.014042029728303844
428.035;0.014042029728303844
428.37;0.014042029728303844
428.705;0.014042029728303844
429.04;0.014042029728303844
429.374;0.014042029728303844
429.709;0.014042029728303844
430.044;0.014042029728303844
430.379;0.014042029728303844
430.714;0.014042029728303844
431.048;0.014042029728303844
431.383;0.014042029728303844
431.718;0.014042029728303844
432.053;0.014042029728303844
432.387;0.014042029728303844
432.722;0.014042029728303844
433.057;0.014042029728303844
433.392;0.014042029728303844
433.726;0.014042029728303844
434.061;0.014042029728303844
434.396;0.014042029728303844
434.73;0.014042029728303844
435.065;0.014042029728303844
435.4;0.014042029728303844
435.734;0.014042029728303844
436.069;0.014042029728303844
436.403;0.014042029728303844
436.738;0.014042029728303844
437.073;0.014042029728303844
437.407;0.014042029728303844
437.742;0.014042029728303844
438.076;0.014042029728303844
438.411;0.014042029728303844
438.745;0.014042029728303844
439.08;0.014042029728303844
439.414;0.014042029728303844
439.749;0.014042029728303844
440.083;0.014042029728303844
440.418;0.014042029728303844
440.752;0.014042029728303844
441.086;0.014042029728303844
441.421;0.014042029728303844
441.755;0.014042029728303844
442.09;0.014042029728303844
442.424;0.014042029728303844
442.758;0.014042029728303844
443.093;0.014042029728303844
443.427;0.014042029728303844
443.761;0.014042029728303844
444.096;0.014042029728303844
444.43;0.014042029728303844
444.764;0.014042029728303844
445.099;0.014042029728303844
445.433;0.014042029728303844
445.767;0.014042029728303844
446.101;0.014042029728303844
446.436;0.014042029728303844
446.77;0.014042029728303844
447.104;0.014042029728303844
447.438;0.014042029728303844
447.773;0.014042029728303844
448.107;0.014042029728303844
448.441;0.014042029728303844
448.775;0.014042029728303844
449.109;0.014042029728303844
449.443;0.014042029728303844
449.777;0.014042029728303844
450.112;0.014042029728303844
450.446;0.014042029728303844
450.78;0.014042029728303844
451.114;0.014042029728303844
451.448;0.014042029728303844
451.782;0.014042029728303844
452.116;0.014042029728303844
452.45;0.014042029728303844
452.784;0.014042029728303844
453.118;0.014042029728303844
453.452;0.014042029728303844
453.786;0.014042029728303844
454.12;0.014042029728303844
454.454;0.014042029728303844
454.788;0.014042029728303844
455.122;0.014042029728303844
455.456;0.014042029728303844
455.79;0.014042029728303844
456.123;0.014042029728303844
456.457;0.014042029728303844
456.791;0.014042029728303844
457.125;0.014042029728303844
457.459;0.014042029728303844
457.793;0.014042029728303844
458.127;0.014042029728303844
458.46;0.014042029728303844
458.794;0.014042029728303844
459.128;0.014042029728303844
459.462;0.014042029728303844
459.795;0.014042029728303844
460.129;0.014042029728303844
460.463;0.014042029728303844
460.797;0.014042029728303844
461.13;0.014042029728303844
461.464;0.014042029728303844
461.798;0.014042029728303844
462.131;0.014042029728303844
462.465;0.014042029728303844
462.799;0.014042029728303844
463.132;0.014042029728303844
463.466;0.014042029728303844
463.8;0.014042029728303844
464.133;0.014042029728303844
464.467;0.014042029728303844
464.8;0.014042029728303844
465.134;0.014042029728303844
465.468;0.014042029728303844
465.801;0.014042029728303844
466.135;0.014042029728303844
466.468;0.014042029728303844
466.802;0.014042029728303844
467.135;0.014042029728303844
467.469;0.014042029728303844
467.802;0.014042029728303844
468.136;0.014042029728303844
468.469;0.014042029728303844
468.802;0.014042029728303844
469.136;0.014042029728303844
469.469;0.014042029728303844
469.803;0.014042029728303844
470.136;0.014042029728303844
470.469;0.014042029728303844
470.803;0.014042029728303844
471.136;0.014042029728303844
471.469;0.014042029728303844
471.803;0.014042029728303844
472.136;0.014042029728303844
472.469;0.014042029728303844
472.803;0.014042029728303844
473.136;0.014042029728303844
473.469;0.014042029728303844
473.803;0.014042029728303844
474.136;0.014042029728303844
474.469;0.014042029728303844
474.802;0.014042029728303844
475.135;0.014042029728303844
475.469;0.014042029728303844
475.802;0.014042029728303844
476.135;0.014042029728303844
476.468;0.014042029728303844
476.801;0.014042029728303844
477.134;0.014042029728303844
477.468;0.014042029728303844
477.801;0.014042029728303844
478.134;0.014042029728303844
478.467;0.014042029728303844
478.8;0.014042029728303844
479.133;0.014042029728303844
479.466;0.014042029728303844
479.799;0.014042029728303844
480.132;0.014042029728303844
480.465;0.014042029728303844
480.798;0.014042029728303844
481.131;0.014042029728303844
481.464;0.014042029728303844
481.797;0.014042029728303844
482.13;0.014042029728303844
482.463;0.014042029728303844
482.796;0.014042029728303844
483.129;0.014042029728303844
483.462;0.014042029728303844
483.794;0.014042029728303844
484.127;0.014042029728303844
484.46;0.014042029728303844
484.793;0.014042029728303844
485.126;0.014042029728303844
485.459;0.014042029728303844
485.792;0.014042029728303844
486.124;0.014042029728303844
486.457;0.014042029728303844
486.79;0.014042029728303844
487.123;0.014042029728303844
487.455;0.014042029728303844
487.788;0.014042029728303844
488.121;0.014042029728303844
488.454;0.014042029728303844
488.786;0.014042029728303844
489.119;0.014042029728303844
489.452;0.014042029728303844
489.784;0.014042029728303844
490.117;0.014042029728303844
490.45;0.014042029728303844
490.782;0.014042029728303844
491.115;0.014042029728303844
491.448;0.014042029728303844
491.78;0.014042029728303844
492.113;0.014042029728303844
492.445;0.014042029728303844
492.778;0.014042029728303844
493.11;0.014042029728303844
493.443;0.014042029728303844
493.775;0.014042029728303844
494.108;0.014042029728303844
494.44;0.014042029728303844
494.773;0.014042029728303844
495.105;0.014042029728303844
495.438;0.014042029728303844
495.77;0.014042029728303844
496.103;0.014042029728303844
496.435;0.014042029728303844
496.768;0.014042029728303844
497.1;0.014042029728303844
497.432;0.014042029728303844
497.765;0.014042029728303844
498.097;0.014042029728303844
498.429;0.014042029728303844
498.762;0.014042029728303844
499.094;0.014042029728303844
499.426;0.014042029728303844
499.759;0.014042029728303844
500.091;0.014042029728303844
500.423;0.014042029728303844
500.756;0.014042029728303844
501.088;0.014042029728303844
501.42;0.014042029728303844
501.752;0.014042029728303844
502.085;0.014042029728303844
502.417;0.014042029728303844
502.749;0.014042029728303844
503.081;0.014042029728303844
503.413;0.014042029728303844
503.745;0.014042029728303844
504.078;0.014042029728303844
504.41;0.014042029728303844
504.742;0.014042029728303844
505.074;0.014042029728303844
505.406;0.014042029728303844
505.738;0.014042029728303844
506.07;0.014042029728303844
506.402;0.014042029728303844
506.734;0.014042029728303844
507.066;0.014042029728303844
507.398;0.014042029728303844
507.73;0.014042029728303844
508.062;0.014042029728303844
508.394;0.014042029728303844
508.726;0.014042029728303844
509.058;0.014042029728303844
509.39;0.014042029728303844
509.722;0.014042029728303844
510.054;0.014042029728303844
510.386;0.014042029728303844
510.718;0.014042029728303844
511.05;0.014042029728303844
511.381;0.014042029728303844
511.713;0.014042029728303844
512.045;0.014042029728303844
512.377;0.014042029728303844
512.709;0.014042029728303844
513.041;0.014042029728303844
513.372;0.014042029728303844
513.704;0.014042029728303844
514.036;0.014042029728303844
514.368;0.014042029728303844
514.699;0.014042029728303844
515.031;0.014042029728303844
515.363;0.014042029728303844
515.695;0.014042029728303844
516.026;0.014042029728303844
516.358;0.014042029728303844
516.69;0.014042029728303844
517.021;0.014042029728303844
517.353;0.014042029728303844
517.685;0.014042029728303844
518.016;0.014042029728303844
518.348;0.014042029728303844
518.679;0.014042029728303844
519.011;0.014042029728303844
519.343;0.014042029728303844
519.674;0.014042029728303844
520.006;0.014042029728303844
520.337;0.014042029728303844
520.669;0.014042029728303844
521.0;0.014042029728303844
521.332;0.014042029728303844
521.663;0.014042029728303844
521.995;0.014042029728303844
522.326;0.014042029728303844
522.658;0.014042029728303844
522.989;0.014042029728303844
523.32;0.014042029728303844
523.652;0.014042029728303844
523.983;0.014042029728303844
524.315;0.014042029728303844
524.646;0.014042029728303844
524.977;0.014042029728303844
525.309;0.014042029728303844
525.64;0.014042029728303844
525.971;0.014042029728303844
526.303;0.014042029728303844
526.634;0.014042029728303844
526.965;0.014042029728303844
527.296;0.014042029728303844
527.628;0.014042029728303844
527.959;0.014042029728303844
528.29;0.014042029728303844
528.621;0.014042029728303844
528.953;0.014042029728303844
529.284;0.014042029728303844
529.615;0.014042029728303844
529.946;0.014042029728303844
530.277;0.014042029728303844
530.608;0.014042029728303844
530.939;0.014042029728303844
531.271;0.014042029728303844
531.602;0.014042029728303844
531.933;0.014042029728303844
532.264;0.014042029728303844
532.595;0.014042029728303844
532.926;0.014042029728303844
533.257;0.014042029728303844
533.588;0.014042029728303844
533.919;0.014042029728303844
534.25;0.014042029728303844
534.581;0.014042029728303844
534.912;0.014042029728303844
535.243;0.014042029728303844
535.574;0.014042029728303844
535.905;0.014042029728303844
536.236;0.014042029728303844
536.567;0.014042029728303844
536.898;0.014042029728303844
537.229;0.014042029728303844
537.559;0.014042029728303844
537.89;0.014042029728303844
538.221;0.014042029728303844
538.552;0.014042029728303844
538.883;0.014042029728303844
539.214;0.014042029728303844
539.544;0.014042029728303844
539.875;0.014042029728303844
540.206;0.014042029728303844
540.537;0.014042029728303844
540.867;0.014042029728303844
541.198;0.014042029728303844
541.529;0.014042029728303844
541.86;0.014042029728303844
542.19;0.014042029728303844
542.521;0.014042029728303844
542.852;0.014042029728303844
543.182;0.014042029728303844
543.513;0.014042029728303844
543.844;0.014042029728303844
544.174;0.014042029728303844
544.505;0.014042029728303844
544.835;0.014042029728303844
545.166;0.014042029728303844
545.497;0.014042029728303844
545.827;0.014042029728303844
546.158;0.014042029728303844
546.488;0.014042029728303844
546.819;0.014042029728303844
547.149;0.014042029728303844
547.48;0.014042029728303844
547.81;0.014042029728303844
548.141;0.014042029728303844
548.471;0.014042029728303844
548.802;0.014042029728303844
549.132;0.014042029728303844
549.462;0.014042029728303844
549.793;0.014042029728303844
550.123;0.014042029728303844
550.454;0.014042029728303844
550.784;0.014042029728303844
551.114;0.014042029728303844
551.445;0.014042029728303844
551.775;0.014042029728303844
552.105;0.014042029728303844
552.436;0.014042029728303844
552.766;0.014042029728303844
553.096;0.014042029728303844
553.426;0.014042029728303844
553.757;0.014042029728303844
554.087;0.014042029728303844
554.417;0.014042029728303844
554.747;0.014042029728303844
555.078;0.014042029728303844
555.408;0.014042029728303844
555.738;0.014042029728303844
556.068;0.014042029728303844
556.398;0.014042029728303844
556.728;0.014042029728303844
557.058;0.014042029728303844
557.389;0.014042029728303844
557.719;0.014042029728303844
558.049;0.014042029728303844
558.379;0.014042029728303844
558.709;0.014042029728303844
559.039;0.014042029728303844
559.369;0.014042029728303844
559.699;0.014042029728303844
560.029;0.014042029728303844
560.359;0.014042029728303844
560.689;0.014042029728303844
561.019;0.014042029728303844
561.349;0.014042029728303844
561.679;0.014042029728303844
562.009;0.014042029728303844
562.339;0.014042029728303844
562.669;0.014042029728303844
562.999;0.014042029728303844
563.328;0.014042029728303844
563.658;0.014042029728303844
563.988;0.014042029728303844
564.318;0.014042029728303844
564.648;0.014042029728303844
564.978;0.014042029728303844
565.307;0.014042029728303844
565.637;0.014042029728303844
565.967;0.014042029728303844
566.297;0.014042029728303844
566.626;0.014042029728303844
566.956;0.014042029728303844
567.286;0.014042029728303844
567.616;0.014042029728303844
567.945;0.014042029728303844
568.275;0.014042029728303844
568.605;0.014042029728303844
568.934;0.014042029728303844
569.264;0.014042029728303844
569.594;0.014042029728303844
569.923;0.014042029728303844
570.253;0.014042029728303844
570.582;0.014042029728303844
570.912;0.014042029728303844
571.242;0.014042029728303844
571.571;0.014042029728303844
571.901;0.014042029728303844
572.23;0.014042029728303844
572.56;0.014042029728303844
572.889;0.014042029728303844
573.219;0.014042029728303844
573.548;0.014042029728303844
573.878;0.014042029728303844
574.207;0.014042029728303844
574.537;0.014042029728303844
574.866;0.014042029728303844
575.195;0.014042029728303844
575.525;0.014042029728303844
575.854;0.014042029728303844
576.184;0.014042029728303844
576.513;0.014042029728303844
576.842;0.014042029728303844
577.172;0.014042029728303844
577.501;0.014042029728303844
577.83;0.014042029728303844
578.16;0.014042029728303844
578.489;0.014042029728303844
578.818;0.014042029728303844
579.147;0.014042029728303844
579.477;0.014042029728303844
579.806;0.014042029728303844
580.135;0.014042029728303844
580.464;0.014042029728303844
580.793;0.014042029728303844
581.123;0.014042029728303844
581.452;0.014042029728303844
581.781;0.014042029728303844
582.11;0.014042029728303844
582.439;0.014042029728303844
582.768;0.014042029728303844
583.097;0.014042029728303844
583.427;0.014042029728303844
583.756;0.0117666657496579
584.085;0.009739906256757982
584.414;0.007950268829732557
584.743;0.006388992826646347
585.072;0.0050530942619245916
585.401;0.003940339304672338
585.73;0.003041142166558196
586.059;0.0023506709837602512
586.388;0.001866248618900537
586.717;0.0015820612482196437
587.046;0.0014878178891868134
587.375;0.00157522369757206
587.703;0.0018406219422491146
588.032;0.002283238743078657
588.361;0.0028925964960007794
588.69;0.003661078979813706
589.019;0.004586920652167141
589.348;0.005665147118284462
589.677;0.0068888580484739005
590.006;0.008252752922109745
590.334;0.009752440661835154
590.663;0.011383003073353814
590.992;0.013139320183537945
591.321;0.015015086159193147
591.649;0.01700744319704589
591.978;0.0191111547102323
592.307;0.02132033777774746
592.636;0.02362576166436916
592.964;0.02602710055599402
593.293;0.028519527810240104
593.622;0.031094391871159265
593.95;0.03374585343400904
594.279;0.0364741409332015
594.608;0.03927515597875432
594.936;0.04214141666376872
595.265;0.04506418322477476
595.594;0.0480427238002088
595.922;0.051073504097491756
596.251;0.0541514720610936
596.579;0.05726744901411869
596.908;0.06042033431802903
597.236;0.06360851930237282
597.565;0.06683104297858433
597.893;0.07007368186847794
598.222;0.07333130490546014
598.55;0.07660384486292003
598.879;0.0798838192076617
599.207;0.08316395868023248
599.536;0.08644345717004298
599.864;0.08971920628894944
600.193;0.09299559723807703
600.521;0.09625607662806196
600.849;0.09950010138938613
601.178;0.1027236198794142
601.506;0.10592228412001406
601.835;0.10909123071086661
602.163;0.11222638173700514
602.491;0.11533010008795892
602.819;0.11839266186291009
603.148;0.12140740938527746
603.476;0.12437604293386037
603.804;0.12729854212069827
604.133;0.13016788813725946
604.461;0.13297973934221075
604.789;0.1357344992079236
605.117;0.1384339951975902
605.446;0.14107023372980695
605.774;0.1436397004021561
606.102;0.1461415516855057
606.43;0.14857645900980665
606.758;0.15093954091024245
607.086;0.15322908953016426
607.414;0.15544552256986058
607.743;0.15759123529456232
608.071;0.1596619958505715
608.399;0.16165680490844786
608.727;0.16357595445792586
609.055;0.16542301499921708
609.383;0.16719462254925177
609.711;0.16889202954572488
610.039;0.17051757411366053
610.367;0.17207442063382583
610.695;0.17356043058967185
611.023;0.1749759172091603
611.351;0.17632474680671295
611.679;0.17760728923642666
612.007;0.17882402751664978
612.335;0.17997289214687615
612.663;0.1810559548486301
612.991;0.18207362790781298
613.319;0.1830221632972577
613.646;0.18390220335957388
613.974;0.18472188434098838
614.302;0.18547239196487567
614.63;0.18614800481983765
614.958;0.1867479886742737
615.286;0.1872735150477075
615.613;0.18772282434067689
615.941;0.1880955167098539
616.269;0.188384438067748
616.597;0.19110666243591495
616.924;0.1939734039383808
617.252;0.196989305203552
617.58;0.20015933505221775
617.908;0.2034829718420263
618.235;0.20696031174288113
618.563;0.21059252015963276
618.891;0.21437683303508628
619.218;0.21831214251614303
619.546;0.2223986848189142
619.873;0.2266414917232737
620.201;0.2310362570882615
620.529;0.23558257825818502
620.856;0.240275824022835
621.184;0.24511596927020954
621.511;0.25010132139651325
621.839;0.25522717178601634
622.166;0.26049317087807383
622.494;0.265894887685866
622.821;0.27142853664087657
623.149;0.2770898848199008
623.476;0.2828777082583118
623.804;0.28878474309501256
624.131;0.2948052457688674
624.459;0.30093696878692056
624.786;0.30717959997548655
625.114;0.31352567742059434
625.441;0.3199736441785731
625.768;0.3265163979580528
626.096;0.33314598506384574
626.423;0.33986023858930087
626.75;0.34665427682567257
627.078;0.353517881344854
627.405;0.3604522880855049
627.732;0.36744918580496194
628.06;0.3745043672755945
628.387;0.381613050502793
628.714;0.3887696010033939
629.041;0.3959632952313051
629.369;0.4031946277215113
629.696;0.4104572399642901
630.023;0.4177431141629155
630.35;0.4250419242246271
630.677;0.43235239146985927
631.005;0.4396740152087143
631.332;0.44699793093126317
631.659;0.45432093525261363
631.986;0.4616390114369114
632.313;0.46895094203629034
632.64;0.47625030514065675
632.967;0.48351701265483865
633.294;0.490760214628273
633.621;0.49797409351893884
633.949;0.5051550423757015
634.276;0.512297334830095
634.603;0.5193971992185509
634.93;0.526453090289747
635.257;0.5334614394529033
635.584;0.5404204729307414
635.91;0.5473301831401208
636.237;0.5541874677954671
636.564;0.5609884525851861
636.891;0.5677323131244906
637.218;0.5744163755273284
637.545;0.5810398012543422
637.872;0.5875981231227836
638.199;0.5940935828609186
638.526;0.6005230325594396
638.853;0.6068879497374848
639.179;0.6131894581892673
639.506;0.619426663185852
639.833;0.6256002408151785
640.16;0.6317083191858426
640.487;0.6377524881447559
640.813;0.6437324705339523
641.14;0.6496490045641392
641.467;0.6555068243741942
641.794;0.6613050330204161
642.12;0.6670425188707622
642.447;0.6727191969202182
642.774;0.6783358595393956
643.1;0.6838952681017837
643.427;0.6893967210257136
643.754;0.6948310852401449
644.08;0.700205357434174
644.407;0.7055211884259667
644.733;0.7107755012835544
645.06;0.7159650397780631
645.387;0.7210969511625444
645.713;0.7261684074011514
646.04;0.7311799551648711
646.366;0.7361287232235603
646.693;0.7410070138472208
647.019;0.7458300519097854
647.346;0.7505947956759293
647.672;0.7553005804441665
647.999;0.7599477819425425
648.325;0.764539865647355
648.651;0.7690742914845674
648.978;0.7735544771177907
649.304;0.7779809470066328
649.631;0.7823551203081303
649.957;0.7866757737811102
650.283;0.7909435924090452
650.61;0.7951576749815917
650.936;0.799317908781073
651.262;0.803422600161924
651.589;0.8074727775310657
651.915;0.8114682773420029
652.241;0.8154109210711918
652.568;0.8192948753752949
652.894;0.8231258376801294
653.22;0.8269024543330896
653.546;0.8306248526622176
653.873;0.8342914954361275
654.199;0.8379018329333102
654.525;0.8414616327912231
654.851;0.8449679983822689
655.177;0.8484253172258641
655.503;0.8518291150220931
655.83;0.8551822526476806
656.156;0.858486155837426
656.482;0.8617424435570852
656.808;0.8649514138087796
657.134;0.8681114695036232
657.46;0.8712208924937521
657.786;0.8742827695942486
658.112;0.8772944681150269
658.438;0.880253057897348
658.764;0.883169476165459
659.09;0.8860450365275094
659.416;0.8888792098475472
659.742;0.8916754573870105
660.068;0.8944313754261808
660.394;0.8971485129518765
660.72;0.8998298779643539
661.046;0.9024750321650199
661.372;0.9050864010128283
661.698;0.9076683084226543
662.024;0.910216590265209
662.349;0.9127321440048382
662.675;0.9152169718874612
663.001;0.9176706525807798
663.327;0.9200972129629249
663.653;0.922496963589534
663.978;0.9248747053977955
664.304;0.927228922942772
664.63;0.929560705679595
664.956;0.9318676793998564
665.282;0.9341508295687702
665.607;0.9364169431114524
665.933;0.9386602410382999
666.259;0.9408809722649124
666.584;0.9430822129718304
666.91;0.9452678712226283
667.236;0.9474342480276866
667.561;0.9495810743223202
667.887;0.9517095950083019
668.213;0.9538168260724786
668.538;0.9559044189422423
668.864;0.9579690047724433
669.189;0.960010696003561
669.515;0.9620282307375546
669.84;0.9640240633209554
670.166;0.9659948373289836
670.491;0.9679371386556482
670.817;0.969847263749368
671.142;0.9717301712962724
671.468;0.9735812841444929
671.793;0.9753994574325705
672.119;0.9771834672823728
672.444;0.9789288088137295
672.77;0.9806330830041867
673.095;0.9822927597154256
673.42;0.9839076913519254
673.746;0.9854737089960662
674.071;0.9869828901205793
674.397;0.9884328959439223
674.722;0.9898230003474977
675.047;0.9911467117294946
675.373;0.9923985717797857
675.698;0.9935707684455563
676.023;0.994660815187017
676.348;0.9956703652300468
676.674;0.9965850490636774
676.999;0.9973983709138033
677.324;0.9981094917931272
677.649;0.9987177789623141
677.974;0.9992089739869385
678.3;0.9995858933510219
678.625;0.9998460855491716
678.95;0.9999865193048985
679.275;1.0
679.6;0.9998789111984434
679.925;0.9996289640439792
680.25;0.9992459968433282
680.576;0.9987259450782527
680.901;0.9980658755584891
681.226;0.9972645533512358
681.551;0.9963216134136554
681.876;0.9952291678358767
682.201;0.9939859868261377
682.526;0.9925920748704021
682.851;0.9910415765288233
683.176;0.9893326743864562
683.501;0.9874651593464211
683.826;0.9854390751979688
684.151;0.9832507196315318
684.476;0.9809016192017077
684.8;0.9783887591655859
685.125;0.9757168381671243
685.45;0.9728835303925679
685.775;0.9698907558101353
686.1;0.9667332824293902
686.425;0.9634207735172086
686.75;0.95995470499809
687.074;0.9563328218411471
687.399;0.9525594273360984
687.724;0.9486347162030475
688.049;0.944562900932428
688.373;0.9403510556430648
688.698;0.9359991029577357
689.023;0.9315089220433248
689.348;0.9268868748590385
689.672;0.9221391560711871
689.997;0.9172662906484789
690.322;0.9122694537866155
690.646;0.9071577560006461
690.971;0.9019399308336321
691.296;0.8966181081336081
691.62;0.8911957825107828
691.945;0.8856784599373475
692.269;0.8800708644126283
692.594;0.8743772018451275
692.919;0.8686025066954607
693.243;0.86275062070008
693.568;0.8568267356164305
693.892;0.8508361936336523
694.217;0.8447824105908155
694.541;0.8386750526595098
694.866;0.8325193599836572
695.19;0.8263200952903959
695.514;0.8200832668257905
695.839;0.8138104378427362
696.163;0.8075081016834171
696.488;0.8011799199021605
696.812;0.7948321456423255
697.136;0.7884679615235284
697.461;0.7820929773180539
697.785;0.7757111079419542
698.11;0.7693285940366154
698.434;0.7629533289937104
698.758;0.7565870458566817
699.082;0.7502339323656453
699.407;0.7438941710287549
699.731;0.7375765083866028
700.055;0.7312846725632894
700.379;0.7250194304163776
700.704;0.7187840623163186
701.028;0.712580233045307
701.352;0.706413940570697
701.676;0.7002853108363913
702.0;0.6941964991400608
702.325;0.6881485276367989
702.649;0.6821459099282018
702.973;0.676190107916862
703.297;0.6702860351139968
703.621;0.6644265129939452
703.945;0.6586126242339964
704.269;0.6528485968398036
704.593;0.6471335008073905
704.917;0.6414671868936118
705.241;0.6358541689016668
705.565;0.6302945179755489
705.889;0.6247868614201145
706.213;0.6193287408504043
706.537;0.6139231910884276
706.861;0.6085659603054339
707.185;0.6032556537764626
707.509;0.5979924747523401
707.833;0.5927787447715192
708.157;0.5876143108259367
708.481;0.5824948618521921
708.805;0.5774220828069719
709.128;0.5724046546556523
709.452;0.5674381133613988
709.776;0.5625185154995808
710.1;0.5576487115623984
710.424;0.5528344947376314
710.748;0.5480681981351803
711.071;0.5433504126822197
711.395;0.5386803007740673
711.719;0.5340625779726347
712.042;0.5294942919780239
712.366;0.5249716585448543
712.69;0.5204957956142325
713.014;0.5160659420185726
713.337;0.511685065052752
713.661;0.5073457272860982
713.985;0.5030461582545436
714.308;0.4987927031287969
714.632;0.4945810427216327
714.955;0.4904109801538932
715.279;0.48628234648826374
715.603;0.4821981944241546
715.926;0.4781580375657183
716.25;0.47416135039289975
716.573;0.4702115541165122
716.897;0.46630692753936964
717.22;0.4624457905199712
717.544;0.45862601996271857
717.867;0.4548501577855905
718.191;0.4511175905576067
718.514;0.4474356189586433
718.837;0.44379880719151993
719.161;0.4402065850495326
719.484;0.4366620228758239
719.808;0.43316157402694544
720.131;0.4297043607568478
720.454;0.42629081670942087
720.778;0.42291645876368605
721.101;0.41958248665724335
721.424;0.4162881547017376
721.748;0.41303241367390703
722.071;0.4098139897220359
722.394;0.4066348782943204
722.717;0.403496132311283
723.041;0.40039278402949724
723.364;0.3973283837120767
723.687;0.3943054364675995
724.01;0.39131365006110114
724.334;0.3883526912688861
724.657;0.3854234491352007
724.98;0.38252305711787105
725.303;0.37964836337938596
725.626;0.3767987468531192
725.949;0.37397281030042484
726.272;0.3711710108284454
726.595;0.3683922670042299
726.919;0.3656341360862185
727.242;0.362896916281584
727.565;0.3601807646389797
727.888;0.35748268037888353
728.211;0.35480279559217637
728.534;0.35214139258467514
728.857;0.34949628677393246
729.18;0.34686275052989396
729.503;0.3442430101448042
729.826;0.3416353010724721
730.148;0.3390417275688418
730.471;0.33645585736559047
730.794;0.33387628208307113
731.117;0.3313060209164078
731.44;0.32874498851284834
731.763;0.32619166155228835
732.086;0.32364187473100253
732.409;0.32110189267900574
732.731;0.31856703413515197
733.054;0.3160360513812188
733.377;0.31351184862289405
733.7;0.31099103655877147
734.022;0.30847804615931723
734.345;0.30597082990895125
734.668;0.3034676485474342
734.991;0.3009659999102568
735.313;0.29846995165251367
735.636;0.29597604992796966
735.959;0.293487080335777
736.281;0.29100533455421673
736.604;0.2885296705861396
736.927;0.28605901492290026
737.249;0.28359362879986544
737.572;0.28113316258504717
737.894;0.27867797431305835
738.217;0.2762258383991555
738.54;0.27377666709537846
738.862;0.2713320078113828
739.185;0.268892993145613
739.507;0.2664592594760011
739.83;0.2640297364186537
740.152;0.26160507816299794
740.475;0.25918381493880976
740.797;0.2567667873876654
741.119;0.2543550265270058
741.442;0.2519403585593952
741.764;0.24953193948405275
742.087;0.24713294568126906
742.409;0.24473842592260547
742.731;0.2423462953488891
743.054;0.23996346933961774
743.376;0.23758308665756273
743.698;0.23520759005382405
744.021;0.23283756850445858
744.343;0.23047698833125396
744.665;0.22812354848624364
744.988;0.22577021792730173
745.31;0.22342615214125938
745.632;0.221085719615074
745.954;0.21875479164762374
746.277;0.21643268796977633
746.599;0.2141135444939273
746.921;0.21180529487191593
747.243;0.20950523681171546
747.565;0.20721451329942042
747.887;0.20493396756027285
748.21;0.2026639184920945
748.532;0.20040329114550828
748.854;0.1981506466438164
749.176;0.19591086324203272
749.498;0.1936863993005868
749.82;0.1914756006064981
750.142;0.18927542195419708
750.464;0.18708676815012565
750.786;0.18490940622981963
751.108;0.1827485041192134
751.43;0.18059951736142082
751.752;0.17846162877916075
752.074;0.17633862193564465
752.396;0.1742305953882883
752.718;0.17213646699030802
753.04;0.1700590192416758
753.361;0.16799425128216197
753.683;0.16594518160620417
754.005;0.1639107799457856
754.327;0.16189294308884006
754.649;0.15989080389003532
754.971;0.1579038981165669
755.293;0.15593099338434968
755.614;0.15397369646081585
755.936;0.15202405367763144
756.258;0.1500888671698014
756.58;0.1481708131394662
756.901;0.14626681090360927
757.223;0.14437770909672984
757.545;0.14250414716650697
757.866;0.1406482373832909
758.188;0.1388103996922759
758.51;0.13699102019737341
758.831;0.1351899934805183
759.153;0.13340820303521542
759.475;0.13164528393277428
759.796;0.12989809820808698
760.118;0.12816783967726872
760.439;0.12645581337678574
760.761;0.12476191103733021
761.082;0.12308663152786468
761.404;0.12143083475775847
761.726;0.11979360180215212
762.047;0.11817649744356962
762.368;0.11657780728214909
762.69;0.11499773845571802
763.011;0.11343457205376133
763.333;0.11188935855918912
763.654;0.1103604357139939
763.976;0.1088491037693572
764.297;0.10735375586325709
764.618;0.10587423670729317
764.94;0.10441238360336481
765.261;0.10297173340583293
765.583;0.10155034479321996
765.904;0.10014869536315484
766.225;0.09876454169677847
766.546;0.09739938913811573
766.868;0.09605326630244036
767.189;0.09472818928434772
767.51;0.09341969535482829
767.831;0.09212864130475212
768.153;0.0908576342739647
768.474;0.08961006855092209
768.795;0.08838792271540324
769.116;0.0871840400031852
769.437;0.08599873945750137
769.759;0.084834049686463
770.08;0.08368450436161043
770.401;0.08255120430721448
770.722;0.08143690689224635
771.043;0.08033861872938104
771.364;0.07925716172098365
771.685;0.07819235926146785
772.006;0.07714500881735348
772.327;0.07611675504620224
772.648;0.07510644185465237
772.969;0.0741146307194873
773.29;0.07314167903002515
773.611;0.07218992014115604
773.932;0.07125451213287423
774.253;0.07033394359217399
774.574;0.06943093371284481
774.895;0.06854378532705138
775.216;0.06766781403711188
775.537;0.06680792149131305
775.858;0.06596371794090795
776.178;0.06513367221242938
776.499;0.06431536138193263
776.82;0.06351309490847805
777.141;0.0627302796586473
777.462;0.06196195331991405
777.782;0.06121216009397907
778.103;0.06047414216855808
778.424;0.05975081105632508
778.745;0.05903679759344016
779.065;0.0583320925169115
779.386;0.05764102187333235
779.707;0.05696351259741291
780.027;0.05630165832313816
780.348;0.05565047865280286
780.669;0.055012430897530544
780.989;0.054388166985409804
781.31;0.053771900211110744
781.631;0.053165295453822155
781.951;0.05257110409080924
782.272;0.051986221911593126
782.592;0.0514150727284331
782.913;0.05085592003654032
783.233;0.05030210817313539
783.554;0.04975751863222748
783.874;0.04922299279383527
784.195;0.04869670694068527
784.515;0.04817557469657385
784.836;0.0476629196885322
785.156;0.04715633855604135
785.477;0.04666159017128719
785.797;0.04617468509063419
786.117;0.04569568483379897
786.438;0.04522246783329108
786.758;0.04475649220722785
787.079;0.04429662651043912
787.399;0.04384692545011122
787.719;0.04340670440060808
788.039;0.042970405936869564
788.36;0.04254067024330516
788.68;0.04211502743258971
789.0;0.0416954004806593
789.321;0.04128355990008001
789.641;0.04087847553345697
789.961;0.040481582736581104
790.281;0.04009669114932271
790.601;0.03972048131301704
790.922;0.03934969033717764
791.242;0.038983944380345185
791.562;0.03862108204460535
791.882;0.038263963618379644
792.202;0.03790943433387531
792.522;0.03756021759725666
792.842;0.037216242645534914
793.162;0.03687451682405549
793.482;0.03653522281468029
793.802;0.0362008934480283
794.122;0.0358696803091752
794.442;0.03554285242687598
794.762;0.03521986423147463
795.082;0.03490209060185851
795.402;0.03459009423566135
795.722;0.034286362319810415
796.042;0.03398776861577424
796.362;0.03369829268238844
796.682;0.03341617747387629
797.002;0.03313577246223015
797.322;0.03285872085474097
797.642;0.032584504698141725
797.962;0.03231474976232461
798.281;0.03204780649478319
798.601;0.031784181979769247
798.921;0.03152469664564928
799.241;0.03126829209242252
799.561;0.031018163083116397
799.88;0.030772241665532038
800.2;0.03053241599090873
800.52;0.030298876987499702
800.839;0.030061808839363834
801.159;0.02982743336715343
801.479;0.02959723281003934
801.799;0.029368246499887375
802.118;0.029144468143690025
802.438;0.028924072789696022
802.757;0.028705956853695112
803.077;0.028491840606853502
803.397;0.02828182319592926
803.716;0.028075052999628335
804.036;0.0278715727960509
804.355;0.02766762564253553
804.675;0.027464536742425542
804.994;0.027261751347161908
805.314;0.027059528934263433
805.633;0.02685780655779098
805.953;0.026661527240193585
806.272;0.026466055528266207
806.592;0.02626962083809962
806.911;0.026074896526443677
807.231;0.025883119757698202
807.55;0.025693232785013374
807.869;0.02550415855390688
808.189;0.0253185053300038
808.508;0.0251324341839267
808.827;0.02494449679915107
809.147;0.024757407018887387
809.466;0.024575694776631435
809.785;0.02439032392483906
810.105;0.024207180066858878
810.424;0.024019887273205847
810.743;0.02384115741683391
811.062;0.023667480514595548
811.382;0.023493340494270182
811.701;0.023320443630531613
812.02;0.023144979864588733
812.339;0.022972807516068866
812.658;0.02279749741743253
812.977;0.022623006176971185
813.296;0.022451382831238008
813.616;0.022279237353210055
813.935;0.02210444178112295
814.254;0.021933729552097384
814.573;0.021763366534135384
814.892;0.021596350534633556
815.211;0.021428639771146903
815.53;0.021262176572053978
815.849;0.021096479538175703
816.168;0.020932191570843077
816.487;0.020768257423264123
816.806;0.02060470393571012
817.125;0.020441121136284088
817.444;0.02027511994384741
817.763;0.02010981710764558
818.082;0.019944826406491818
818.4;0.019783573525057704
818.719;0.019622736427986807
819.038;0.019459066664013723
819.357;0.01929722696830127
819.676;0.01913957038718239
819.995;0.018985295604490762
820.313;0.018833220319062854
820.632;0.018685254310187763
820.951;0.01853996731926515
821.27;0.018393173133803634
821.588;0.018247873923154738
821.907;0.018105748353539175
822.226;0.01796398329959671
822.545;0.017821911547598806
822.863;0.017682063433878188
823.182;0.017541858300140628
823.501;0.017404595543425057
823.819;0.017269174320302248
824.138;0.01713496103892633
824.456;0.017002737252437145
824.775;0.016872694729494684
825.093;0.016745329632188756
825.412;0.01662222267349755
825.731;0.016499958887463077
826.049;0.016380485829434983
826.368;0.01626253714739077
826.686;0.016144163065764588
827.005;0.01602907582998578
827.323;0.01591787258298339
827.641;0.01580738554444716
827.96;0.01569976114673394
828.278;0.015594025526717403
828.597;0.015492437720682373
828.915;0.015394229002834854
829.233;0.01529936316826777
829.552;0.015206155188310292
829.87;0.015113047789109033
830.188;0.015024606679003696
830.507;0.014937089301808046
830.825;0.014852341419120892
831.143;0.014770322441474887
831.462;0.014689322231323031
831.78;0.014611526727275392
832.098;0.01453478451457493
832.416;0.014458008802076828
832.735;0.01438099711346971
833.053;0.01430431933778115
833.371;0.014226241694089394
833.689;0.014151256453417686
834.007;0.014075345077895348
834.325;0.013999459660072853
834.643;0.013926304178882019
834.961;0.013853740695012443
835.28;0.013781361508166494
835.598;0.013708431406856927
835.916;0.013634970938644872
836.234;0.013563882655338907
836.552;0.013495027204604156
836.87;0.013426730921938879
837.188;0.013358746495842734
837.506;0.013289730082358713
837.824;0.01321724537828853
838.142;0.013145963151397272
838.46;0.013074723468616541
838.777;0.013002850505575328
839.095;0.012931265542420358
839.413;0.012862092492229894
839.731;0.012796372403698814
840.049;0.012730505030351528
840.367;0.012666668671144509
840.685;0.012601806301105191
841.002;0.012535341761101243
841.32;0.01246454611963842
841.638;0.01239289139245967
841.956;0.012317011020524812
842.273;0.01224237828168157
842.591;0.012165898967846946
842.909;0.012094085806995053
843.227;0.012022780927116852
843.544;0.011950316554734518
843.862;0.011877797320238116
844.18;0.011802042857576488
844.497;0.011730415086661814
844.815;0.011656584892210078
845.132;0.011581783320661735
845.45;0.01151035776537522
845.768;0.011437129254806699
846.085;0.011363912725165164
846.403;0.011294393294632703
846.72;0.011222608202036773
847.038;0.011150247522657265
847.355;0.011076126656717096
847.673;0.011001998753692758
847.99;0.01092841808582728
848.308;0.010854570480670416
848.625;0.010780635770684947
848.943;0.010708471282441808
849.26;0.01064082170818874
849.577;0.01057186444839243
849.895;0.01050444477317104
850.212;0.01043638025496155
850.529;0.010363678311589101
850.847;0.010295189223462868
851.164;0.010228103967055424
851.481;0.010156774166518823
851.799;0.01008780774673745
852.116;0.010023412839184807
852.433;0.00995925216889112
852.75;0.009895578790563974
853.068;0.009835267203627833
853.385;0.00977598841626972
853.702;0.009717432719831587
854.019;0.009660761900220673
854.336;0.009604356988955943
854.653;0.009547508344912577
854.971;0.009494585113187055
855.288;0.009442952111489713
855.605;0.009396178789363437
855.922;0.009350982691292717
856.239;0.009306292511613738
856.556;0.009262882031787758
856.873;0.009220869273095978
857.19;0.009177916701299863
857.507;0.00913967522549185
857.824;0.009102846005671017
858.141;0.00906721517137673
858.458;0.009034878275565488
858.775;0.009003510477556072
859.092;0.008974632023603555
859.409;0.00894570713982146
859.726;0.00891602055538556
860.043;0.008885206104802973
860.359;0.008849514298852123
860.676;0.008812574193111516
860.993;0.00877663958527159
861.31;0.008742322773800132
861.627;0.008714140182918427
861.944;0.008684734972509971
862.26;0.008659471536200343
862.577;0.008633144541536575
862.894;0.008608665403236033
863.211;0.008585968504639146
863.527;0.008563233123684092
863.844;0.00853970604522839
864.161;0.0085168604954729
864.477;0.008495779045572461
864.794;0.008475662172159091
865.111;0.008455839762565764
865.427;0.008432773964909433
865.744;0.008408280929676278
866.06;0.008383753394317722
866.377;0.008357022554133264
866.693;0.008330640434347543
867.01;0.008303432814495847
867.327;0.008274893485122236
867.643;0.00824695499722104
867.96;0.008217509836628336
868.276;0.008187047439935152
868.593;0.008159219627130584
868.909;0.00813083647321765
869.225;0.008106416531170255
869.542;0.008082468847395172
869.858;0.008058368586341354
870.175;0.008035650382743077
870.491;0.008013528956460009
870.807;0.007993245015805006
871.124;0.007972067110788949
871.44;0.007946914781562996
871.756;0.007920565121567504
872.073;0.007891597849187007
872.389;0.007865168751832333
872.705;0.007840751755216733
873.021;0.007816929851575689
873.338;0.007795457035521975
873.654;0.00777555601126069
873.97;0.007756133657181103
874.286;0.007740270155134088
874.602;0.007718296156754417
874.918;0.0076952185842647505
875.235;0.0076726245819515905
875.551;0.007651559464512132
875.867;0.007635028952906359
876.183;0.007616520604212287
876.499;0.007601317683862629
876.815;0.007587235906645855
877.131;0.007574755884160303
877.447;0.007564263931220668
877.763;0.00755209647088041
878.079;0.0075357377362892785
878.395;0.00751979082418946
878.711;0.007501775072750201
879.027;0.007486408004618571
879.343;0.007472383658191471
879.659;0.007457841715934781
879.975;0.007444371337139325
880.291;0.007433661742650072
880.607;0.00742433197217361
880.922;0.0074160809054096295
881.238;0.007410880413632402
881.554;0.0074052672164718
881.87;0.007400760838494411
882.186;0.007400653393080101
882.501;0.007400087936148209
882.817;0.0074029106182899145
883.133;0.007405473584033335
883.449;0.007407527972768883
883.764;0.007404816438913548
884.08;0.007401371761321166
884.396;0.007397626940669904
884.711;0.007394803677762535
885.027;0.007397478887752032
885.343;0.007400382403495329
885.658;0.007401794826137014
885.974;0.0074041760435723455
886.29;0.007407411703724613
886.605;0.007407814079094555
886.921;0.00740877262050859
887.236;0.0074062360368367785
887.552;0.007403360494679428
887.867;0.007402097239993618
888.183;0.0074003554259084595
888.498;0.007396939804875662
888.814;0.00739545639752015
889.129;0.007391468119584361
889.445;0.007387387810211741
889.76;0.007383139003687507
890.075;0.007379584607638575
890.391;0.007376885211985892
890.706;0.0073724008592555065
891.021;0.007368401135546839
891.337;0.007364302450893081
891.652;0.007362922961792501
891.967;0.007364482669090072
892.283;0.0073688063266482496
892.598;0.0073721154232352076
892.913;0.007372273990536563
893.229;0.007369379369044969
893.544;0.007370052827787917
893.859;0.007367672839700018
894.174;0.007358883222648627
894.489;0.007349176990814385
894.804;0.007338263187576567
895.12;0.00732522860787601
895.435;0.007311496759323093
895.75;0.0072954741537785235
896.065;0.007275739120518738
896.38;0.007254787375349419
896.695;0.0072341636157618695
897.01;0.007216073368160928
897.325;0.007197685858964515
897.64;0.0071812831982089225
897.955;0.007168120480842507
898.27;0.007154994416642882
898.585;0.007144047445072712
898.9;0.007133382182121553
899.215;0.0071228996474453745
899.53;0.007117023485045721
899.845;0.007113545260120287
900.16;0.007108054944315575
900.475;0.007103834942806057
900.79;0.007100179385315395
901.104;0.0071008902722206335
901.419;0.00710074428561006
901.734;0.007100626832829899
902.049;0.007102340523989377
902.364;0.007103812770303495
902.678;0.007104022691317182
902.993;0.007104195463288812
903.308;0.007104550631188359
903.623;0.007109901657664653
903.937;0.007115974983953092
904.252;0.007124892602717465
904.567;0.007136441773605376
904.881;0.007148705698359925
905.196;0.007164032928211904
905.511;0.007182563811334959
905.825;0.007200601062326095
906.14;0.00722083256549351
906.454;0.007241717421449097
906.769;0.00726530098086807
907.084;0.007288616708720747
907.398;0.007312248914738587
907.713;0.007336486555047107
908.027;0.00735829601157387
908.342;0.007383569981505591
908.656;0.007408599583925862
908.97;0.007435037278215491
909.285;0.007466928734863198
909.599;0.007499632740382474
909.914;0.007530866222645975
910.228;0.0075640268149031326
910.542;0.007595970543265708
910.857;0.0076277320922950795
911.171;0.007661191710168284
911.485;0.007691896149466587
911.8;0.007721460712592805
912.114;0.007752040088235117
912.428;0.007780271715217467
912.743;0.007803853000311625
913.057;0.007827176391305042
913.371;0.007848574979094775
913.685;0.007871052055926121
913.999;0.007901644663165647
914.314;0.007929932467141168
914.628;0.007959787604280174
914.942;0.007989817856253181
915.256;0.008019869801126131
915.57;0.008048418574414675
915.884;0.00807895849486624
916.198;0.008111698126851596
916.512;0.00813981764489945
916.827;0.008167028771389343
917.141;0.008194694334461535
917.455;0.008218764572455899
917.769;0.008237759456638172
918.083;0.008255874546900964
918.397;0.008273199636348533
918.711;0.008289734945263017
919.024;0.008302498980913038
919.338;0.008314459761946063
919.652;0.008328704484932233
919.966;0.008340339605850953
920.28;0.008349933162814804
920.594;0.008359438549691971
920.908;0.00836785513025967
921.222;0.008376985851623508
921.535;0.008385581311060021
921.849;0.008393085973311178
922.163;0.008400089896125304
922.477;0.008407887551244145
922.79;0.008414219955930335
923.104;0.008418547882697268
923.418;0.008423544899679052
923.732;0.0084258783201408
924.045;0.008424679058856516
924.359;0.008422683499958675
924.673;0.008421988885634227
924.986;0.008415245215735242
925.3;0.008406271804349174
925.614;0.008401479151788406
925.927;0.008396134737864205
926.241;0.008389958479860925
926.554;0.008386016522335098
926.868;0.008379261027502213
927.181;0.008373624875789406
927.495;0.008370246935666181
927.808;0.008366828088157505
928.122;0.008362844483281041
928.435;0.008360483659978888
928.749;0.00836239176069892
929.062;0.008366785352382281
929.376;0.008368058640245746
929.689;0.008371016828923408
930.002;0.00837322886832052
930.316;0.008372945150228288
930.629;0.008373956365364055
930.942;0.008374116926507255
931.256;0.008374732583315612
931.569;0.008378713685649205
931.882;0.008381036518059614
932.195;0.008385718095039945
932.509;0.008384428589345579
932.822;0.008384975124058574
933.135;0.00838560200427349
933.448;0.008386449379605436
933.762;0.00838892827853787
934.075;0.008392193684072267
934.388;0.008394701756198388
934.701;0.008401444979120246
935.014;0.008409459448528306
935.327;0.008417114923236019
935.64;0.00842329694464707
935.953;0.00842849280304461
936.266;0.008433784858600024
936.58;0.008434363758914206
936.893;0.008434750176575335
937.206;0.008436687097781127
937.519;0.008438553905702138
937.832;0.008440777786866933
938.144;0.00844248597690507
938.457;0.008447539423787636
938.77;0.008451340158664663
939.083;0.008455944184391414
939.396;0.00846127183394776
939.709;0.008465146001491917
940.022;0.00846983931731334
940.335;0.00847310266848441
940.648;0.008474916594185217
940.96;0.008480932102266393
941.273;0.008490008529696561
941.586;0.008500097294595138
941.899;0.008510983052663327
942.211;0.008522258010456548
942.524;0.00853320656664721
942.837;0.008546506128515017
943.15;0.008559938888846234
943.462;0.00857131726477058
943.775;0.008582570667059624
944.088;0.008595487801434987
944.4;0.008607724714854926
944.713;0.008621192004730589
945.025;0.008636323551265446
945.338;0.008645016667990479
945.651;0.008653071118124082
945.963;0.008659659258579021
946.276;0.008667417517265052
946.588;0.008676693721588583
946.901;0.008688611598508507
947.213;0.008702106696758522
947.526;0.00871493145027573
947.838;0.008728464302702372
948.151;0.008738190356962319
948.463;0.008747365574594873
948.775;0.008755798210908156
949.088;0.008765893431403795
949.4;0.00877616062458682
949.713;0.00878717464072252
950.025;0.008799540301031089
950.337;0.008813336454490754
950.65;0.008827605184381325
950.962;0.008841383113102017
951.274;0.008858385596324762
951.586;0.008876363880082425
951.899;0.00889415464362718
952.211;0.008912888082821698
952.523;0.008931714598430432
952.835;0.00894924857609876
953.147;0.008966284069977388
953.46;0.008983796849498796
953.772;0.008998233406395922
954.084;0.009010805977837022
954.396;0.009022457038107707
954.708;0.009030659884327958
955.02;0.009038626886063373
955.332;0.009047327386488268
955.644;0.009055684473886882
955.956;0.00906302060483789
956.268;0.009071452869845922
956.58;0.009077463520658049
956.892;0.009082912132197887
957.204;0.009094256916780858
957.516;0.009105609747192663
957.828;0.009113572671704663
958.14;0.009123787432851038
958.452;0.009134930543533148
958.764;0.009145763168076736
959.076;0.009157095058620009
959.388;0.009170967190897208
959.699;0.009183099141806279
960.011;0.009195433985542721
960.323;0.009204574173667353
960.635;0.009211211792711053
960.947;0.009213617065788606
961.258;0.009213200077969936
961.57;0.009214044454643255
961.882;0.009216802045419704
962.194;0.009217421397324507
962.505;0.009215571634093995
962.817;0.009208043048546251
963.129;0.009201694407992954
963.44;0.009192302338555882
963.752;0.009185372627252109
964.063;0.009174450932735669
964.375;0.009162891503979125
964.687;0.009150383153275843
964.998;0.009135968618258961
965.31;0.009119449912909592
965.621;0.009103751844104592
965.933;0.00908687741854713
966.244;0.009068769053302159
966.556;0.009048310723509709
966.867;0.009026249413326016
967.179;0.009003887935794694
967.49;0.00897944361088832
967.801;0.008958375243325519
968.113;0.00893612700315356
968.424;0.00891290594258814
968.736;0.00889076139381579
969.047;0.008869860349368184
969.358;0.008851413775462651
969.67;0.00883393044881628
969.981;0.00881829078355337
970.292;0.008801656460146327
970.603;0.008786870513186378
970.915;0.00877450077172651
971.226;0.008760303407875132
971.537;0.00874518282278104
971.848;0.00872861239802535
972.16;0.008709057375586337
972.471;0.008688778308873851
972.782;0.00866722390498472
973.093;0.008646442175775424
973.404;0.008626751403271665
973.715;0.008600700529932602
974.026;0.008575922080803563
974.337;0.00855413101238368
974.648;0.008535194934151173
974.959;0.008517905949890528
975.27;0.008501247462624062
975.581;0.008488995176589662
975.892;0.0084782287412949
976.203;0.008469008616889703
976.514;0.008460306358376135
976.825;0.008450904576645461
977.136;0.00844107813537817
977.447;0.008430801227977687
977.758;0.008421495544005383
978.069;0.008410826288721186
978.38;0.008401698382046732
978.691;0.008387612488407864
979.001;0.008372961762370614
979.312;0.008361989287853335
979.623;0.008351730378015865
979.934;0.008341529860177317
980.244;0.008332865541893808
980.555;0.00832818586408532
980.866;0.0083245294118388
981.177;0.008320564062563254
981.487;0.00831820581956004
981.798;0.00831786292870181
982.109;0.00831681415602408
982.419;0.008316560513657013
982.73;0.008316195351457842
983.04;0.008315403595760388
983.351;0.008315128410554566
983.662;0.00830996360031396
983.972;0.008304669408871592
984.283;0.008298442584095447
984.593;0.008291163251785324
984.904;0.00828621584405456
985.214;0.008279092743558213
985.525;0.008271747892464959
985.835;0.008264080874909529
986.146;0.008255885836841068
986.456;0.008249252206362837
986.766;0.008246873878887962
987.077;0.008245071562007295
987.387;0.008240401581903124
987.698;0.008239629100090394
988.008;0.008239660402678
988.318;0.008234155596108787
988.628;0.00822846655367871
988.939;0.008220762070606027
989.249;0.00821079158133916
989.559;0.008201968156912789
989.87;0.008194439236132197
990.18;0.008183112469793745
990.49;0.008167988053570177
990.8;0.008152988082721635
991.11;0.008132458602202148
991.42;0.008108846635206172
991.731;0.008084044140134377
992.041;0.008063308326923344
992.351;0.008041955250720182
992.661;0.008021591299074657
992.971;0.008001177851044648
993.281;0.007979647879954735
993.591;0.00795891210882817
993.901;0.007938035589605286
994.211;0.007913527862804606
994.521;0.007889506979229782
994.831;0.007863761673918087
995.141;0.007842015282128927
995.451;0.007819560665096773
995.761;0.007796232401924379
996.071;0.007772108171962424
996.381;0.007747535516442932
996.691;0.007722488332654998
997.0;0.007698719803822844
997.31;0.0076719276871299496
997.62;0.007643854768451958
997.93;0.007618515408395337
998.24;0.007592607167494673
998.549;0.007566344817299196
998.859;0.0075376949297837
999.169;0.007511914333719728
999.479;0.007488091727468477
999.788;0.007465775106689397
1000.098;0.007442973945867194
1000.408;0.007419840708131486
1000.717;0.00739686758961199
1001.027;0.007373215459043467
1001.337;0.007352481205362578
1001.646;0.007330513247266402
1001.956;0.007307659292641441
1002.265;0.007288199821584157
1002.575;0.0072692806745343185
1002.884;0.007249895796152427
1003.194;0.007229931474446476
1003.503;0.007207235790527577
1003.813;0.007180092745003388
1004.122;0.0071528468796689575
1004.432;0.007126197827321337
1004.741;0.00710786863485277
1005.051;0.007088215144377987
1005.36;0.0070664250195319545
1005.67;0.007046208025646199
1005.979;0.007026645514095745
1006.288;0.007008462929003689
1006.598;0.006987469986426815
1006.907;0.006966903368809243
1007.216;0.006947213398235036
1007.525;0.006925895059353353
1007.835;0.006906098186214389
1008.144;0.0068899222596583275
1008.453;0.006876951138365506
1008.762;0.006863298052377387
1009.072;0.006848878921095316
1009.381;0.006833444097130562
1009.69;0.006820669728180509
1009.999;0.0068069273712561785
1010.308;0.006792107996082268
1010.617;0.0067771721995583895
1010.926;0.006766439330033682
1011.236;0.0067583318370374335
1011.545;0.0067479804937562666
1011.854;0.006736791143306043
1012.163;0.006724598908280365
1012.472;0.006713536416769461
1012.781;0.006701091983875987
1013.09;0.006686313125463499
1013.399;0.006672287806123652
1013.708;0.006658668386908318
1014.017;0.006645603352962862
1014.325;0.006632116607397576
1014.634;0.00662204222087793
1014.943;0.006612432325521191
1015.252;0.0066019692304222916
1015.561;0.006591585310315993
1015.87;0.006580290110374638
1016.179;0.006572499442159255
1016.487;0.006567320244962502
1016.796;0.006563532663125019
1017.105;0.00656075797010255
1017.414;0.006555397492977801
1017.722;0.006549258502414217
1018.031;0.006542632880730486
1018.34;0.006541123359441547
1018.649;0.006538170231641605
1018.957;0.006536964613839116
1019.266;0.006536409721711906
1019.574;0.006535640082083747
1019.883;0.00653629808099718
1020.192;0.006540651114235453
1020.5;0.0065449267558204925
1020.809;0.006547356425865337
1021.117;0.006552403590538841
1021.426;0.006557327413011505
1021.734;0.006559673153721299
1022.043;0.006564999539461024
1022.351;0.0065700140695133915
1022.66;0.006576432813331356
1022.968;0.006580412078938454
1023.277;0.006586553429839483
1023.585;0.006593663290001077
1023.893;0.006597510796914529
1024.202;0.006600805588068973
1024.51;0.006604377973985474
1024.819;0.00660731123374817
1025.127;0.006613032581418281
1025.435;0.006617122339996459
1025.743;0.006619639613791303
1026.052;0.0066152766792400486
1026.36;0.006608922336922706
1026.668;0.006603569848071272
1026.976;0.006598851572472935
1027.285;0.006593910167991325
1027.593;0.006589857537613368
1027.901;0.006584757488875958
1028.209;0.006582124574498227
1028.517;0.006579859049429718
1028.825;0.006575296202994156
1029.134;0.00657165463558307
1029.442;0.006569841297060795
1029.75;0.00657006519757282
1030.058;0.006565565504773284
1030.366;0.006562784759523356
1030.674;0.006559437648557517
1030.982;0.00655741807489951
1031.29;0.006552511475555495
1031.598;0.006546835731336329
1031.906;0.00653985825945202
1032.214;0.0065293671534122
1032.522;0.006519691432175964
1032.829;0.006509923817299457
1033.137;0.006496197830271236
1033.445;0.006481754554288193
1033.753;0.006466888463831772
1034.061;0.006451241311220963
1034.369;0.006435375384146655
1034.676;0.006422632610611949
1034.984;0.006410475420324768
1035.292;0.006397130252440861
1035.6;0.006381613163601805
1035.907;0.0063721753496306125
1036.215;0.006360825654631919
1036.523;0.006348936493908435
1036.831;0.006335613857567723
1037.138;0.00631733399322592
1037.446;0.006300384199115794
1037.753;0.006282337241682801
1038.061;0.0062635065298918885
1038.369;0.006244009070588172
1038.676;0.006225322705796958
1038.984;0.006205427999416329
1039.291;0.006184664075544231
1039.599;0.0061632888330108975
1039.906;0.006142840026252176
1040.214;0.006122501583565835
1040.521;0.0061030288982260915
1040.829;0.006086708656734684
1041.136;0.0060708616905969836
1041.444;0.006056938324047179
1041.751;0.006038992384327423
1042.058;0.006019118323624854
1042.366;0.005999533948511917
1042.673;0.005982024255505468
1042.98;0.0059650390758127425
1043.288;0.005945824770669377
1043.595;0.00592623011548324
1043.902;0.00590958916317129
1044.21;0.0058906010249288295
1044.517;0.0058696699592654744
1044.824;0.005851298493870661
1045.131;0.0058323140189007775
1045.439;0.005813917967358974
1045.746;0.005798704416953667
1046.053;0.0057838592468065116
1046.36;0.005772356795690128
1046.667;0.005762249049494079
1046.974;0.005752139751543494
1047.281;0.005744038167928009
1047.588;0.005738503152085584
1047.896;0.005734355062430773
1048.203;0.005729327779582195
1048.51;0.0057238714544804135
1048.817;0.005719841738654398
1049.124;0.0057149542707492
1049.431;0.005711009235606268
1049.738;0.005706581304119291
1050.044;0.005704532850255653
1050.351;0.005703377686199169
1050.658;0.0057015253995839526
1050.965;0.005701639751580515
1051.272;0.005703157771767634
1051.579;0.005704971363117357
1051.886;0.005703635149835923
1052.193;0.005703534598498756
1052.499;0.005706581533058793
1052.806;0.005711564676755428
1053.113;0.0057170651865405325
1053.42;0.005722301269352731
1053.726;0.005729138703125738
1054.033;0.005735314135872641
1054.34;0.0057418459176096755
1054.647;0.005625243429358835
1054.953;0.005213332836898306
1055.26;0.005771594448218088
1055.566;0.006220068539168628
1055.873;0.006101836577672585
1056.18;0.006039480020584987
1056.486;0.005908637580764715
1056.793;0.005783995023244196
1057.099;0.005366054003878824
1057.406;0.005120620304155807
1057.712;0.005662858193931093
1058.019;0.006043252025317574
1058.325;0.005848034208344238
1058.632;0.00572217346355297
1058.938;0.006251713033176186
1059.245;0.006377682877181122
1059.551;0.006160381818565336
1059.857;0.00567243288959833
1060.164;0.005939407922896975
1060.47;0.006108470731040312
1060.777;0.0055269983834771155
1061.083;0.005590074037147632
1061.389;0.005948732000266776
1061.695;0.006396158680392964
1062.002;0.006009166652528046
1062.308;0.0057864331870569295
1062.614;0.006335125325271712
1062.92;0.006512440987526428
1063.227;0.006518264388989298
1063.533;0.006276728613372381
1063.839;0.006681712154668312
1064.145;0.006951411602795774
1064.451;0.006577165720433461
1064.757;0.006169820311419115
1065.063;0.006266710845853048
1065.37;0.0067280947611469445
1065.676;0.006534168803792549
1065.982;0.006242904072500103
1066.288;0.00637713177706488
1066.594;0.006362405533696358
1066.9;0.006145971597086177
1067.206;0.006123745303603537
1067.512;0.006351643836230919
1067.818;0.006072560310707266
1068.123;0.0058614729675959204
1068.429;0.005663214993505592
1068.735;0.005963283350285843
1069.041;0.006202023486679057
1069.347;0.006039364835235807
1069.653;0.005547234543671672
1069.959;0.005820149350323878
1070.264;0.0062423100372484925
1070.57;0.0061655055020201285
1070.876;0.005815755834793369
1071.182;0.006405517983103749
1071.487;0.0066530168144845045
1071.793;0.006484694197984117
1072.099;0.006390501475143484
1072.405;0.006237720552707443
1072.71;0.006339230918271248
1073.016;0.006190099321137202
1073.321;0.006198466234257078
1073.627;0.0064902257712368865
1073.933;0.006581774968962928
1074.238;0.006262623787414341
1074.544;0.006118772401342555
1074.849;0.0060181726221419166
1075.155;0.006340409186299849
1075.46;0.006259877770507875
1075.766;0.005646592880446008
1076.071;0.005826654284815653
1076.377;0.006219615505081278
1076.682;0.005675853052547236
1076.988;0.005574290434988145
1077.293;0.005917526447741205
1077.598;0.006320219829965591
1077.904;0.006276080661584584
1078.209;0.006085142726627279
1078.514;0.00623146548380234
1078.82;0.006000529039284381
1079.125;0.0056370051830028365
1079.43;0.005377171808809617
1079.736;0.005566996015596642
1080.041;0.005666509571832868
1080.346;0.005459541610757115
1080.651;0.005254280610772874
1080.956;0.005607228809230229
1081.262;0.00568509737896844
1081.567;0.005686024330899046
1081.872;0.005731877739541625
1082.177;0.005967468224891952
1082.482;0.006239866868510345
1082.787;0.005997489952074807
1083.092;0.005873717194494786
1083.397;0.006341406134800965
1083.702;0.0064881123785541705
1084.007;0.006157940055929374
1084.312;0.005760889589714474
1084.617;0.006256973560250609
1084.922;0.006806509834335399
1085.227;0.006864301028288486
1085.532;0.006978283639920511
1085.837;0.007089706285655779
1086.142;0.007198056648456527
1086.447;0.007302822411284993
1086.752;0.00740349125710343
1087.057;0.007499550868874066
1087.361;0.0075904889295591565
1087.666;0.00767579312212093
1087.971;0.007754951129521629
1088.276;0.007827450634723504
1088.581;0.00789277932068879
1088.885;0.007950424870379722
1089.19;0.007999874966758556
1089.495;0.00804061729278752
1089.799;0.008072139531428862
1090.104;0.00809392936564482
1090.409;0.008105474478397632
1090.713;0.008106262552649547
1091.018;0.008095781271362805
1091.323;0.008073518317499641
1091.627;0.008038961374022303
1091.932;0.007991598123893032
1092.236;0.007930916250074057
1092.541;0.007856403435527634
1092.845;0.007767547363215996
1093.15;0.00766383571610139
1093.454;0.007544756177146052
1093.759;0.007409796429312225
1094.063;0.007258444155562152
1094.368;0.007090187038858066
1094.672;0.006904512762162225
1094.976;0.006700909008436851
1095.281;0.006478863460644193
1095.585;0.006237863801746503
1095.889;0.005977397714705999
1096.194;0.00569695288248495
1096.498;0.005396016988045571
1096.802;0.005074077714350112
1097.107;0.004730622744360829
1097.411;0.004365139761039941
1097.715;0.00397711644734971
1098.019;0.0035660404862523534
1098.323;0.003131399560710138
1098.628;0.002672681353685283
1098.932;0.002189373548140032
1099.236;0.0016809638270366522
1099.54;0.0011469398733373487
1099.844;0.0005867893700043977
1100.148;0.0
