Wavelength;Intensity
174.456;0.023596890847498515
174.799;0.02391187353365957
175.142;0.024205636022602846
175.485;0.0244786608887067
175.828;0.024731430706349526
176.17;0.024964428049909695
176.513;0.025178135493765578
176.856;0.02537303561229556
177.199;0.02554961097987801
177.542;0.02570834417089131
177.884;0.025849717759713835
178.227;0.025974214320723953
178.57;0.026082316428300056
178.913;0.026174506656820515
179.255;0.0262512675806637
179.598;0.02631308177420799
179.941;0.02636043181183177
180.284;0.026393800267913402
180.626;0.026413669716831272
180.969;0.02642052273296376
181.312;0.02641484189068924
181.654;0.026397109764386074
181.997;0.02636780892843266
182.34;0.026327421957207362
182.682;0.02627643142508856
183.025;0.02621531990645463
183.368;0.026144569975683953
183.71;0.026064664207154892
184.053;0.02597608517524584
184.395;0.025879315454335163
184.738;0.025774837618801238
185.081;0.02566313424302245
185.423;0.025544687901377167
185.766;0.025419981168243767
186.108;0.025289496618000628
186.451;0.02515371682502613
186.793;0.025013124363698642
187.136;0.024868201808396544
187.478;0.024719431733498214
187.821;0.024567296713382026
188.163;0.024412279322426355
188.506;0.02425486213500959
188.848;0.024095527725510088
189.191;0.023934758668306237
189.533;0.023773037537776414
189.876;0.023610846908298993
190.218;0.02344866935425235
190.561;0.023286987450014864
190.903;0.02312628376996491
191.245;0.02296704088848086
191.588;0.02304496405264612
191.93;0.022603974641033805
192.272;0.023076341524957272
192.615;0.022908969326029042
192.957;0.02284179932630536
193.3;0.023390711507458
193.642;0.023404541478372436
193.984;0.02310725516763738
194.327;0.023029591922066734
194.669;0.023349726027429622
195.011;0.022999918188483615
195.353;0.02232416083719365
195.696;0.022300305843680566
196.038;0.022023272820818014
196.38;0.02129267494466594
196.722;0.021453795707974153
197.065;0.020837292876119365
197.407;0.020883488352968566
197.749;0.019868941370092416
198.091;0.0215206829253995
198.434;0.021185787781019125
198.776;0.02138796454948826
199.118;0.02102254330977262
199.46;0.020975725378558185
199.802;0.021134000289901866
200.144;0.020833827296862402
200.487;0.02133741674021193
200.829;0.020860210514111542
201.171;0.021569603960002213
201.513;0.021289997186438342
201.855;0.02134838669353369
202.197;0.02121828979209767
202.539;0.02182054995602188
202.881;0.021666645254582523
203.223;0.021648744824515054
203.565;0.021320690542238313
203.907;0.02154665791500177
204.249;0.021225165954643573
204.591;0.02199515541252799
204.933;0.02173565686171436
205.275;0.022202692621333748
205.617;0.02162151424514722
205.959;0.021474434497886868
206.301;0.02140439637510418
206.643;0.021725745921660915
206.985;0.022079537407942707
207.327;0.02170251482180149
207.669;0.02136064594627081
208.011;0.021915403304949194
208.353;0.021482963948314098
208.695;0.02088005254425629
209.037;0.020683683607566023
209.379;0.021152417879023916
209.721;0.021133651300336263
210.062;0.01996617833214569
210.404;0.01967757820277151
210.746;0.019139564919543932
211.088;0.018141986768368024
211.43;0.017504135122897814
211.772;0.01753525572010216
212.113;0.01719926247441009
212.455;0.01665972748456349
212.797;0.01638184808435852
213.139;0.017288626831819368
213.48;0.018028256924569053
213.822;0.018173294245810784
214.164;0.01797297923478768
214.506;0.018448171441877707
214.847;0.018313576764132214
215.189;0.018636918588868987
215.531;0.018154416084394658
215.872;0.01803023890047408
216.214;0.01828119095665551
216.556;0.017737080090164704
216.898;0.017728964018521816
217.239;0.01733757430387779
217.581;0.0179059916459331
217.922;0.017582597249293033
218.264;0.017457126826851948
218.606;0.01795673550144252
218.947;0.018056250781311102
219.289;0.01793855865224657
219.63;0.017732335210759294
219.972;0.017670588904310662
220.314;0.01758944038395732
220.655;0.017881211189966596
220.997;0.01768939108644867
221.338;0.0179671655701031
221.68;0.01807981420529128
222.021;0.01720930757129459
222.363;0.01740247500027678
222.704;0.016864812524663344
223.046;0.01704445624815627
223.387;0.016939014660346325
223.729;0.01657822618704345
224.07;0.01648458653701348
224.412;0.01661276191265807
224.753;0.016746046307678092
225.094;0.01687956023132494
225.436;0.016974465924899502
225.777;0.0170219659273205
226.119;0.01680172199858335
226.46;0.016686552487605248
226.801;0.016609399431903128
227.143;0.015987847652026408
227.484;0.015827576599149573
227.825;0.015362178977007113
228.167;0.015204113141244298
228.508;0.015119340113891728
228.849;0.014929024294027751
229.191;0.01507195502728818
229.532;0.015460725085505526
229.873;0.015278685628563105
230.215;0.015334933777499027
230.556;0.01613182739928824
230.897;0.0159996423933643
231.238;0.016467337650087687
231.58;0.016207832963360275
231.921;0.016866881615393726
232.262;0.016865019024675458
232.603;0.017154385158496644
232.944;0.017018945845705246
233.286;0.016835398317507775
233.627;0.01685196255765824
233.968;0.017531266845876844
234.309;0.01772448730127448
234.65;0.017357470420966286
234.991;0.018155298595451584
235.332;0.018651508579820668
235.673;0.01940884131410825
236.015;0.01931697585218682
236.356;0.019308325122772276
236.697;0.01900898237189452
237.038;0.019429166187641577
237.379;0.019790824066901566
237.72;0.02004488165297914
238.061;0.020164472127716347
238.402;0.019869329750709475
238.743;0.01911243039374007
239.084;0.01957998520621457
239.425;0.019222647919284467
239.766;0.018939554583153523
240.107;0.018477709958101465
240.448;0.018458480307303002
240.789;0.018532647824311906
241.13;0.01769970548177157
241.471;0.01713104596050174
241.812;0.017487556944375277
242.153;0.017105497530535644
242.494;0.01763753837284042
242.834;0.017722111339102748
243.175;0.017583056761058813
243.516;0.01797531792696455
243.857;0.01770818796594513
244.198;0.018908731236883705
244.539;0.018770647572506446
244.88;0.019180806895918993
245.22;0.01950167791695243
245.561;0.019839865168459245
245.902;0.02031503358941435
246.243;0.020344602482198954
246.584;0.020439720811699418
246.924;0.017182591802668675
247.265;0.017761706163510263
247.606;0.017986268790776753
247.947;0.018201738751332033
248.287;0.018370326921718295
248.628;0.018318195061908786
248.969;0.018972616325923015
249.31;0.018683224890926466
249.65;0.019112741961806776
249.991;0.018861369936415084
250.332;0.01904360013694903
250.672;0.01800915014355037
251.013;0.01841704410274339
251.354;0.01934997108468095
251.694;0.019573238655378404
252.035;0.02034719562541791
252.375;0.02071257565603357
252.716;0.020805921160961898
253.057;0.021443166638751635
253.397;0.020923170898217634
253.738;0.0212826846922454
254.078;0.02201672428576749
254.419;0.02292128190818968
254.759;0.022979879127329492
255.1;0.02311481241661358
255.44;0.023655087124955537
255.781;0.02343431596214489
256.121;0.023984945214381437
256.462;0.02395859457050179
256.802;0.02440767225276492
257.143;0.024312540287900475
257.483;0.02418663073098755
257.824;0.02495467517995371
258.164;0.024674995684448656
258.505;0.02526694584666724
258.845;0.024718314554012386
259.185;0.024363875918206185
259.526;0.0252009197024766
259.866;0.024625573019955892
260.207;0.024955815096381583
260.547;0.02470902167470689
260.887;0.024948126341895093
261.228;0.025896047982086157
261.568;0.025867783993633476
261.908;0.02644531097085294
262.249;0.026881696401820893
262.589;0.027434281116754757
262.929;0.02776404110731209
263.269;0.027863625397272763
263.61;0.0274945278361748
263.95;0.027618076581320414
264.29;0.02799993017691613
264.63;0.027619702522721782
264.971;0.027811380136686235
265.311;0.027773502459114637
265.651;0.02702728731883981
265.991;0.026465110428361305
266.331;0.026178770057557033
266.672;0.026177888076764255
267.012;0.02561782648574961
267.352;0.025782311926621403
267.692;0.025922041833941926
268.032;0.025714976105721446
268.372;0.026161864857555298
268.713;0.026267343639608077
269.053;0.025950493535905277
269.393;0.025915497162244543
269.733;0.025660060813613564
270.073;0.025589709077459572
270.413;0.02511403304220468
270.753;0.024781669757657422
271.093;0.023846749512763544
271.433;0.023468545573838377
271.773;0.02301831100669445
272.113;0.022818258097667632
272.453;0.022222958029529765
272.793;0.021935394945337514
273.133;0.021573964246391658
273.473;0.02074797912106083
273.813;0.020873164791651
274.153;0.02074999162503074
274.493;0.0206381434614596
274.833;0.02046830992783077
275.173;0.020274021520426233
275.513;0.02051450472291179
275.852;0.020113779632077885
276.192;0.02009302994120488
276.532;0.019131294692536154
276.872;0.018658669191209395
277.212;0.018474707905467458
277.552;0.017848692058931075
277.892;0.017354172405182104
278.231;0.01585871052870982
278.571;0.01575373148274653
278.911;0.015151577598909255
279.251;0.01492218676501309
279.591;0.014166578222499488
279.93;0.013686871800911195
280.27;0.013369120323897981
280.61;0.012963620431609955
280.95;0.015150317236766324
281.289;0.014951900192655772
281.629;0.015077760359250318
281.969;0.014664671023376732
282.308;0.01468229844315673
282.648;0.014533883263499577
282.988;0.01351004643139879
283.328;0.01333496972156348
283.667;0.01300478279260985
284.007;0.012431108260223969
284.346;0.012688386746527242
284.686;0.014177086467246823
285.026;0.014194731764504026
285.365;0.014117201690988157
285.705;0.013980881306428244
286.044;0.014027076101509255
286.384;0.013928452725948344
286.724;0.014035065591523297
287.063;0.013502138374808459
287.403;0.014299520748643971
287.742;0.014670689900289052
288.082;0.014976896466133116
288.421;0.015001029318063077
288.761;0.014874081655439915
289.1;0.014940863956314715
289.44;0.014790079783671866
289.779;0.014830377283835953
290.119;0.01486972046002621
290.458;0.0144852794026132
290.797;0.013861975932978497
291.137;0.01435697926338827
291.476;0.015093759489316261
291.816;0.01493689803495209
292.155;0.015518625234538405
292.494;0.015057005138479709
292.834;0.01543556155156349
293.173;0.015758190019508577
293.512;0.015724504383085442
293.852;0.016387076110160582
294.191;0.016699836059184587
294.53;0.01736559747665237
294.87;0.01741930270595995
295.209;0.017850223764817007
295.548;0.018413421110784596
295.888;0.017854395428671545
296.227;0.017762464895763157
296.566;0.01801203993168768
296.905;0.018190411096962126
297.245;0.01808088745993975
297.584;0.018985459247990062
297.923;0.01926350136353841
298.262;0.01895777491401013
298.601;0.0187929496495674
298.941;0.01895078641121552
299.28;0.019184885915050548
299.619;0.019868209681311387
299.958;0.019990610404562764
300.297;0.020488510113535793
300.636;0.020541576677545432
300.975;0.020922236269769523
301.315;0.02148781048693311
301.654;0.02170172677351606
301.993;0.021416211948248127
302.332;0.020774163337748012
302.671;0.021004740448309543
303.01;0.020808040399530887
303.349;0.020226450538360554
303.688;0.019239434340115616
304.027;0.01860496949179943
304.366;0.019070771705491686
304.705;0.019426003995232942
305.044;0.01994463347229717
305.383;0.01995865297477077
305.722;0.020200313515183106
306.061;0.019355717557321964
306.4;0.019188800779550316
306.739;0.02000988156746931
307.078;0.019225196520314472
307.417;0.019803489123220837
307.755;0.01973757956139212
308.094;0.019631720428436618
308.433;0.01931600349923173
308.772;0.01910760945930451
309.111;0.019165437340908354
309.45;0.019407513608417713
309.789;0.019493070972206625
310.127;0.019226446049918237
310.466;0.019175486982914172
310.805;0.018871102025944456
311.144;0.019139157070657192
311.483;0.019177702350799145
311.821;0.018793072898107284
312.16;0.01901459946008187
312.499;0.017874636444716454
312.838;0.01789946030659159
313.176;0.017525580671845394
313.515;0.01758304153490238
313.854;0.0169690327626217
314.192;0.0163304742750337
314.531;0.01573721246655323
314.87;0.016201987861586553
315.208;0.015152400644628878
315.547;0.014532082562183322
315.886;0.014052202516960488
316.224;0.013598490098732017
316.563;0.013460046233489882
316.902;0.014033752051460869
317.24;0.01374255393073832
317.579;0.013427410595844442
317.917;0.014038278386282656
318.256;0.012973298282691538
318.594;0.012588852755909218
318.933;0.012910476297529738
319.272;0.01298032731281795
319.61;0.013151182286712155
319.949;0.01279629072956609
320.287;0.013139882963598507
320.626;0.01310467918090138
320.964;0.013273575737769414
321.303;0.013410133377662397
321.641;0.013092179945758392
321.979;0.012551886147906874
322.318;0.01209033566795645
322.656;0.011603601125266013
322.995;0.011347902674638735
323.333;0.010801300324142567
323.671;0.011000925234244755
324.01;0.010667620730823484
324.348;0.010897259122327722
324.687;0.012062500814708697
325.025;0.01109442481878595
325.363;0.010896887634411566
325.702;0.009775175553719682
326.04;0.010383562010923482
326.378;0.011137019196010744
326.717;0.011767510926522215
327.055;0.012333628361435955
327.393;0.01276811938583637
327.731;0.012664963388035841
328.07;0.013011969235438082
328.408;0.013454695716668146
328.746;0.014212796879467447
329.084;0.014165628292142922
329.422;0.014053647183773079
329.761;0.015008456576569424
330.099;0.015168648317079172
330.437;0.014897970131346734
330.775;0.014819056598652083
331.113;0.01522712312095135
331.451;0.01500872420846335
331.79;0.014858226378463851
332.128;0.014444786992496354
332.466;0.01431398127938997
332.804;0.013996239195627494
333.142;0.013461594226060556
333.48;0.013340765357266797
333.818;0.013378177008398722
334.156;0.012930383625917502
334.494;0.013124237292467466
334.832;0.013189093901189624
335.17;0.013035035650401572
335.508;0.012773094930148936
335.846;0.012982096274036957
336.184;0.013036255333708663
336.522;0.012672938636669734
336.86;0.012803447629105728
337.198;0.012927558151246892
337.536;0.013362734958702962
337.874;0.013620977465238914
338.212;0.013532791733540786
338.55;0.01389798124782096
338.888;0.013284003609621356
339.226;0.012667280490886439
339.564;0.012227758698949381
339.901;0.01212000152332928
340.239;0.012403508465500639
340.577;0.011999974338184923
340.915;0.012560585964631714
341.253;0.012383304340690468
341.591;0.011788785730412104
341.928;0.011960660553779227
342.266;0.012378938372899375
342.604;0.012089730182044171
342.942;0.012235753188596864
343.279;0.01209186085916849
343.617;0.011283864490762853
343.955;0.011110529092658498
344.293;0.011011073884143404
344.63;0.010624130661689922
344.968;0.010601607388724558
345.306;0.01036131046046123
345.643;0.009880245577861444
345.981;0.009722497446079125
346.319;0.010558895671617595
346.656;0.01002803042494308
346.994;0.00935537989133362
347.332;0.009119205994126661
347.669;0.008530279170860274
348.007;0.008253867769090678
348.344;0.00809531022695271
348.682;0.007948988605929077
349.02;0.0086439044768688
349.357;0.008942439711191448
349.695;0.008949623805707008
350.032;0.00859284761400426
350.37;0.007591389595762776
350.707;0.006962290111664633
351.045;0.00731168070847316
351.382;0.007521096567425871
351.72;0.007760300924275109
352.057;0.008331749256236861
352.395;0.008223397806003745
352.732;0.007374124691044924
353.07;0.0072824849701492046
353.407;0.007525286184509618
353.744;0.007577584320007542
354.082;0.0077065667576951035
354.419;0.0076605075587335685
354.757;0.0072837020021355265
355.094;0.005920955926005723
355.431;0.006048984721487639
355.769;0.006646385090188992
356.106;0.007050887631354646
356.443;0.007570572258334069
356.781;0.007499024549255892
357.118;0.008179504811864875
357.455;0.008313898367991806
357.793;0.008630456902161712
358.13;0.009059285538665597
358.467;0.008942737643894194
358.804;0.009698168093403948
359.142;0.01055110139456439
359.479;0.012367298317190524
359.816;0.012790660612030954
360.153;0.012922443829229923
360.49;0.013407229499648964
360.828;0.013580175683864007
361.165;0.013886337253006966
361.502;0.014450545888468978
361.839;0.01477256887050178
362.176;0.01490217906519611
362.513;0.014682638645487772
362.85;0.01487316604074934
363.187;0.01460530787554192
363.525;0.014253848642515136
363.862;0.014477236204415522
364.199;0.014611440759247432
364.536;0.014445618749698507
364.873;0.014277405400317378
365.21;0.014076413772233277
365.547;0.01432367299309158
365.884;0.014985165405356504
366.221;0.015039448546840336
366.558;0.015376359907039701
366.895;0.01546118656682388
367.232;0.015182424504057929
367.569;0.015549364344559693
367.906;0.016237561238399277
368.243;0.016029272796790804
368.58;0.015447114340942935
368.916;0.014902959386775294
369.253;0.01499122367332029
369.59;0.014767397885972321
369.927;0.01507857431472729
370.264;0.014512487559382498
370.601;0.014405290191205376
370.938;0.01418977841553392
371.275;0.014237351745912272
371.611;0.01411914791193877
371.948;0.014052509539905875
372.285;0.013553192586352228
372.622;0.013436767031096442
372.958;0.013119753303026022
373.295;0.013239438089030687
373.632;0.013737304467114008
373.969;0.013536727429846615
374.305;0.013164084295356409
374.642;0.013730940994253366
374.979;0.01354727665643788
375.316;0.013930787857780182
375.652;0.013866349400219767
375.989;0.012756253967861914
376.326;0.012989101669532486
376.662;0.012500889659403908
376.999;0.012256677715136773
377.336;0.012323525390006612
377.672;0.012051168766721515
378.009;0.011333900898138299
378.345;0.011617749936441258
378.682;0.011667345315544307
379.019;0.011508970714539598
379.355;0.011647710921692006
379.692;0.011467263620749124
380.028;0.011206764461476176
380.365;0.011376484518575961
380.701;0.011121304439035603
381.038;0.011070690573996032
381.374;0.011179481764717175
381.711;0.01101536341814425
382.047;0.010596513898513656
382.384;0.010376985750632891
382.72;0.009980728059547616
383.056;0.00956243668081551
383.393;0.009759900461480524
383.729;0.009888386344663522
384.066;0.010833250481740435
384.402;0.011660717695382756
384.738;0.011638426829621061
385.075;0.011378159244279542
385.411;0.011467494512912341
385.748;0.011719871767636697
386.084;0.011822037307748869
386.42;0.012737732295461563
386.757;0.012827358679115122
387.093;0.01269993589980963
387.429;0.01109059381177461
387.765;0.01066427658205788
388.102;0.011150675997802749
388.438;0.01159138694498201
388.774;0.012761812196728112
389.11;0.012806335977954638
389.447;0.012898764125895891
389.783;0.013314809154165986
390.119;0.01320278797297648
390.455;0.013733031825814089
390.791;0.013354117560178128
391.128;0.013802893067625275
391.464;0.014373180196840961
391.8;0.014140862304812634
392.136;0.014378278762437349
392.472;0.015336102858455379
392.808;0.015216069840405329
393.144;0.015576103520560455
393.48;0.015551158682706094
393.816;0.016009497504177482
394.152;0.01563864991986602
394.489;0.01589488355852912
394.825;0.015760994207860982
395.161;0.01550378056528857
395.497;0.015194337873062345
395.833;0.015523765084986797
396.169;0.015887719765555478
396.505;0.015018035950022343
396.841;0.014805171404513595
397.176;0.015255868740760258
397.512;0.015595547246573246
397.848;0.015393952102129441
398.184;0.01562614159448039
398.52;0.015360751278647458
398.856;0.01608637580729561
399.192;0.01628528364875703
399.528;0.015761134349101782
399.864;0.016112190505619215
400.2;0.016142059755171273
400.535;0.016692888007969742
400.871;0.01694241388083196
401.207;0.016768753582305024
401.543;0.016727005885430725
401.879;0.016533313722191766
402.214;0.016988699805595503
402.55;0.01647594376156126
402.886;0.015899076735957918
403.222;0.016208967880154686
403.557;0.01588189632886006
403.893;0.01666492740636538
404.229;0.01708649134820224
404.565;0.017165163534954626
404.9;0.016870487714651595
405.236;0.017047023029671555
405.572;0.017368451964347408
405.907;0.01717715864039085
406.243;0.017038548196452216
406.579;0.017741876405193088
406.914;0.018131648889918278
407.25;0.017953472558844556
407.585;0.017852025905421683
407.921;0.0183224065713269
408.257;0.018035476319526886
408.592;0.017800287653118762
408.928;0.017310500228187517
409.263;0.017380527063918922
409.599;0.018355569670301903
409.934;0.01795359830720116
410.27;0.01781413262293354
410.605;0.017812757193469107
410.941;0.018369354720267243
411.276;0.018344900149499608
411.612;0.018612416748839594
411.947;0.018749905532587666
412.283;0.018651025887936143
412.618;0.018231192728299175
412.953;0.017870916793177517
413.289;0.018157055057586954
413.624;0.018213011409733918
413.96;0.017687959070223754
414.295;0.01767715501383029
414.63;0.017593497131994387
414.966;0.017848758720710484
415.301;0.017799327420487197
415.636;0.017710613166931198
415.972;0.01778071037629109
416.307;0.018344581081982714
416.642;0.018075672614989515
416.977;0.017457225607488705
417.313;0.0176666146502256
417.648;0.01774969181706044
417.983;0.017043849625963663
418.318;0.01627126823689263
418.654;0.016433955476264906
418.989;0.016236994310266224
419.324;0.015413855718668119
419.659;0.014744202995579433
419.994;0.014346702516820336
420.33;0.014248113911437543
420.665;0.013531576898363104
421.0;0.014586729464877058
421.335;0.014778939842812613
421.67;0.014554302448300355
422.005;0.01399676089980338
422.34;0.013767570733013643
422.675;0.014029176099064641
423.01;0.014036283002269728
423.345;0.013360653293136918
423.681;0.012908650143534072
424.016;0.012794855228748164
424.351;0.013569165506218537
424.686;0.0128520974714695
425.021;0.012022470567678408
425.356;0.012365552536090264
425.691;0.012883265716695728
426.025;0.01234251164955821
426.36;0.011874499219118472
426.695;0.011518902183391017
427.03;0.011588656614851114
427.365;0.010931450100489978
427.7;0.010522897628969236
428.035;0.010255110670662542
428.37;0.010313988248035985
428.705;0.010277163144810836
429.04;0.009812875214039438
429.374;0.009330796011864342
429.709;0.009279297060199091
430.044;0.009523928822172449
430.379;0.009661912266624537
430.714;0.009498332516928418
431.048;0.009407741128265912
431.383;0.009516194540720715
431.718;0.008967020712083891
432.053;0.009421347857971336
432.387;0.009428560056487073
432.722;0.008775007213653657
433.057;0.00875086883182608
433.392;0.008647724727093015
433.726;0.009012417232356499
434.061;0.008476211165119072
434.396;0.008120103636514992
434.73;0.00817133003240489
435.065;0.008406851250189832
435.4;0.00833366707017921
435.734;0.007852925800217637
436.069;0.008787049891359726
436.403;0.009740995105088477
436.738;0.009568171411893105
437.073;0.009568171411893105
437.407;0.009568171411893105
437.742;0.009568171411893105
438.076;0.009568171411893105
438.411;0.009568171411893105
438.745;0.009568171411893105
439.08;0.009568171411893105
439.414;0.009568171411893105
439.749;0.009568171411893105
440.083;0.009568171411893105
440.418;0.009568171411893105
440.752;0.009568171411893105
441.086;0.009568171411893105
441.421;0.009568171411893105
441.755;0.009568171411893105
442.09;0.009568171411893105
442.424;0.009568171411893105
442.758;0.009568171411893105
443.093;0.009568171411893105
443.427;0.009568171411893105
443.761;0.009568171411893105
444.096;0.009568171411893105
444.43;0.009568171411893105
444.764;0.009568171411893105
445.099;0.009568171411893105
445.433;0.009568171411893105
445.767;0.009568171411893105
446.101;0.009568171411893105
446.436;0.009568171411893105
446.77;0.009568171411893105
447.104;0.009568171411893105
447.438;0.009568171411893105
447.773;0.009568171411893105
448.107;0.009568171411893105
448.441;0.009568171411893105
448.775;0.009568171411893105
449.109;0.009568171411893105
449.443;0.009568171411893105
449.777;0.009568171411893105
450.112;0.009568171411893105
450.446;0.009568171411893105
450.78;0.009568171411893105
451.114;0.009568171411893105
451.448;0.009568171411893105
451.782;0.009568171411893105
452.116;0.009568171411893105
452.45;0.009568171411893105
452.784;0.009568171411893105
453.118;0.009568171411893105
453.452;0.009568171411893105
453.786;0.009568171411893105
454.12;0.009568171411893105
454.454;0.009568171411893105
454.788;0.009568171411893105
455.122;0.009568171411893105
455.456;0.009568171411893105
455.79;0.009568171411893105
456.123;0.009568171411893105
456.457;0.009568171411893105
456.791;0.009568171411893105
457.125;0.009568171411893105
457.459;0.009568171411893105
457.793;0.009568171411893105
458.127;0.009568171411893105
458.46;0.009568171411893105
458.794;0.009568171411893105
459.128;0.009568171411893105
459.462;0.009568171411893105
459.795;0.009568171411893105
460.129;0.009568171411893105
460.463;0.009568171411893105
460.797;0.009568171411893105
461.13;0.009568171411893105
461.464;0.009568171411893105
461.798;0.009568171411893105
462.131;0.009568171411893105
462.465;0.009568171411893105
462.799;0.009568171411893105
463.132;0.009568171411893105
463.466;0.009568171411893105
463.8;0.009568171411893105
464.133;0.009568171411893105
464.467;0.009568171411893105
464.8;0.009568171411893105
465.134;0.009568171411893105
465.468;0.009568171411893105
465.801;0.009568171411893105
466.135;0.009568171411893105
466.468;0.008693971563813187
466.802;0.007270087697227908
467.135;0.005938879384687909
467.469;0.005470413654148196
467.802;0.004876655442667211
468.136;0.0038310724018433013
468.469;0.00282439544804239
468.802;0.0026918957682188246
469.136;0.002329840948363272
469.469;0.0017269493913352329
469.803;0.0008258918153400351
470.136;0.001446308678422331
470.469;0.0018504113246635662
470.803;0.0015652164001847767
471.136;0.0015425677576229183
471.469;0.002284964995986222
471.803;0.002911769572576229
472.136;0.0032910023754649325
472.469;0.003646260345141675
472.803;0.004580336864013909
473.136;0.0054293231818172425
473.469;0.00607063563416703
473.803;0.006252536313405053
474.136;0.007541325463147257
474.469;0.008408067903416059
474.802;0.009065914522363555
475.135;0.009561685523764843
475.469;0.010432036487356211
475.802;0.01189628701570172
476.135;0.012721775132015861
476.468;0.013665239371725216
476.801;0.015026877953292592
477.134;0.01681276497685438
477.468;0.017464274030132777
477.801;0.018930928700402225
478.134;0.020627623247892794
478.467;0.02248596624727721
478.8;0.02347652779165833
479.133;0.02470474857889485
479.466;0.02650317377413897
479.799;0.02863844495558742
480.132;0.030040194157080497
480.465;0.031295261688189094
480.798;0.033472657887333696
481.131;0.03574709492654648
481.464;0.037557728090408804
481.797;0.039806219077291725
482.13;0.04252995726723269
482.463;0.04514806350453232
482.796;0.04748058242187887
483.129;0.04955276375901553
483.462;0.05268816707106346
483.794;0.05557530472088808
484.127;0.05804636810216212
484.46;0.06088823005618923
484.793;0.06450357030322859
485.126;0.06816720769121694
485.459;0.07139544374275598
485.792;0.0751572951423781
486.124;0.07962663527904838
486.457;0.08385129161210621
486.79;0.08820060183655931
487.123;0.0932227362182565
487.455;0.09815838254682177
487.788;0.10398807469271684
488.121;0.1094309877707903
488.454;0.11528492882071319
488.786;0.12163703046957301
489.119;0.1283176665170254
489.452;0.13490555603078777
489.784;0.14204324372135277
490.117;0.14992315866274356
490.45;0.15781783759748078
490.782;0.16541364594369357
491.115;0.17330252234929344
491.448;0.18238769370093103
491.78;0.19187127107099933
492.113;0.20104318212398598
492.445;0.2105143238148579
492.778;0.22088694221766295
493.11;0.2315095176738398
493.443;0.2421241624235715
493.775;0.2527400034492358
494.108;0.264952533096675
494.44;0.27659101467850783
494.773;0.28861298261501944
495.105;0.3003511975667921
495.438;0.3131373855356845
495.77;0.32657023995834156
496.103;0.33955531281583273
496.435;0.3528106187401749
496.768;0.3667422106134168
497.1;0.3804885783389568
497.432;0.3941895512107691
497.765;0.4079868723976638
498.097;0.42230796344233545
498.429;0.43673701535981446
498.762;0.45133376513416446
499.094;0.46518440339700584
499.426;0.47988239218848633
499.759;0.4957833221054116
500.091;0.5115470298857061
500.423;0.5276697011215881
500.756;0.5437942385842855
501.088;0.560089231050201
501.42;0.5766684813880825
501.752;0.5933572889211316
502.085;0.6095662148939177
502.417;0.6261729598069637
502.749;0.6422553828572483
503.081;0.6587965972715838
503.413;0.67468374350208
503.745;0.6910775093325597
504.078;0.7071290203309567
504.41;0.72314917324956
504.742;0.7385171638294464
505.074;0.7537869972874682
505.406;0.7684649235346673
505.738;0.7826301069944368
506.07;0.7971615107262501
506.402;0.8107073052021238
506.734;0.823698080747588
507.066;0.836820905172591
507.398;0.8494913123874396
507.73;0.8618253075994177
508.062;0.8736904375646924
508.394;0.8851078241438203
508.726;0.8965399322194103
509.058;0.9068021397775102
509.39;0.9163891592607665
509.722;0.9255678468623902
510.054;0.9341563815942702
510.386;0.94239822560716
510.718;0.9505568152692356
511.05;0.9573694692894033
511.381;0.9640129506365827
511.713;0.9697670527939988
512.045;0.9755432428017569
512.377;0.980483095185595
512.709;0.9849546636437454
513.041;0.9886055661320511
513.372;0.9918100630906703
513.704;0.9948268791120091
514.036;0.996766456231532
514.368;0.9980071311814577
514.699;0.9993806675271134
515.031;1.0
515.363;0.999996966586029
515.695;0.9992379447331534
516.026;0.997739849640643
516.358;0.9967098775007721
516.69;0.9946599213523937
517.021;0.9915603716996401
517.353;0.9890340712316683
517.685;0.986241270832245
518.016;0.9827995587648751
518.348;0.9788203062583998
518.679;0.9747094037067796
519.011;0.9703129167895352
519.343;0.9653156458880208
519.674;0.960413834275858
520.006;0.9548685865791597
520.337;0.9485843421523673
520.669;0.9431414588448381
521.0;0.9368791693235907
521.332;0.9298081200808104
521.663;0.9227829888352226
521.995;0.9161805494033288
522.326;0.9092490453844391
522.658;0.9017307858224916
522.989;0.8940548461540768
523.32;0.886456846756379
523.652;0.8785669425473435
523.983;0.8707733307483987
524.315;0.8625708316539955
524.646;0.8545896292141804
524.977;0.8464904100478864
525.309;0.8375329331980569
525.64;0.8296122527605104
525.971;0.8214025485882807
526.303;0.8128261334224096
526.634;0.8044703999562104
526.965;0.7964826841302824
527.296;0.787367664360899
527.628;0.7791132083181054
527.959;0.7701541474177434
528.29;0.7617926275575871
528.621;0.7537704642571507
528.953;0.7443459844483283
529.284;0.7363066205150033
529.615;0.7276643603280262
529.946;0.7189919733346211
530.277;0.7108225784798722
530.608;0.7025534816922719
530.939;0.6941694950701589
531.271;0.6858529361561492
531.602;0.6782014687087241
531.933;0.6700495777979586
532.264;0.6623100915005402
532.595;0.6547299950327252
532.926;0.6472585609014424
533.257;0.6400905304354356
533.588;0.6328110813198224
533.919;0.6255163768074964
534.25;0.6181501984443134
534.581;0.6109460537320565
534.912;0.6041264149209425
535.243;0.5971227883108795
535.574;0.5903007845216381
535.905;0.5837988177994188
536.236;0.5777172021534116
536.567;0.5712375931102378
536.898;0.5640878416071525
537.229;0.5575396931192003
537.559;0.5508910773757181
537.89;0.543460605923105
538.221;0.5373198271903528
538.552;0.5311150108797416
538.883;0.5255742026302951
539.214;0.5188943273604003
539.544;0.5128963471736302
539.875;0.5070239643696903
540.206;0.5020240251789507
540.537;0.49638897088453837
540.867;0.4910563335095622
541.198;0.4853803647905174
541.529;0.48047116743195645
541.86;0.47503174235573853
542.19;0.47002648257022595
542.521;0.46515711789742215
542.852;0.46035048953424273
543.182;0.4560458315664453
543.513;0.45110352974097434
543.844;0.4460863049993308
544.174;0.4415420177058406
544.505;0.43708605598228123
544.835;0.43288615298596617
545.166;0.42838121939819696
545.497;0.4244310004449659
545.827;0.42064547116005835
546.158;0.41677070864449167
546.488;0.4127113523137989
546.819;0.4081872422531509
547.149;0.4046043330375456
547.48;0.4013205375744552
547.81;0.3973182194105363
548.141;0.3932934073654367
548.471;0.38922361149708057
548.802;0.3855342191033617
549.132;0.3818361675717543
549.462;0.37777118960775297
549.793;0.37453316048630664
550.123;0.3717331919002921
550.454;0.3683628876280157
550.784;0.3646445771271339
551.114;0.3612699942291482
551.445;0.3584279034282624
551.775;0.3554513572575996
552.105;0.35200997759010255
552.436;0.3490155588661167
552.766;0.34535782536347087
553.096;0.3412763935300152
553.426;0.3379693891624077
553.757;0.33485830990039345
554.087;0.3316508624005147
554.417;0.3292564623381203
554.747;0.32635886310679396
555.078;0.32347669759244096
555.408;0.32043682386762123
555.738;0.31751351803610667
556.068;0.3142259664090027
556.398;0.3111102462751094
556.728;0.3080087169190113
557.058;0.3047463515514562
557.389;0.3024639188863154
557.719;0.2991821136561004
558.049;0.2956947757670876
558.379;0.2932162695223906
558.709;0.29011576448513493
559.039;0.2871400816602675
559.369;0.2842988313280663
559.699;0.28101544780447196
560.029;0.27809080010163856
560.359;0.27538236594120924
560.689;0.2724890385936626
561.019;0.26897390849979014
561.349;0.26624377055177006
561.679;0.26294628018362054
562.009;0.26035831863022507
562.339;0.256691504656944
562.669;0.2537940088271277
562.999;0.2508339991713753
563.328;0.2481240838316587
563.658;0.24511711322487428
563.988;0.24241118744115114
564.318;0.2380597141177082
564.648;0.2349952608312846
564.978;0.23217335635348377
565.307;0.22966470489461854
565.637;0.2271800603120705
565.967;0.22409816656185713
566.297;0.22140556669509373
566.626;0.21900180254649307
566.956;0.21361294709613385
567.286;0.2113820316388957
567.616;0.20868822049729957
567.945;0.20562506499451771
568.275;0.2028541304920121
568.605;0.1999200161347348
568.934;0.19746549979790234
569.264;0.1948786727825413
569.594;0.19265279384999354
569.923;0.190766113458447
570.253;0.1883669357917736
570.582;0.18579045089697557
570.912;0.18452509889259283
571.242;0.18183406186579631
571.571;0.17961501288706108
571.901;0.1770089825068531
572.23;0.175110339658992
572.56;0.17341615553351228
572.889;0.17175831874325467
573.219;0.16964125804489993
573.548;0.1675797669846196
573.878;0.1653591053968388
574.207;0.16353354916038393
574.537;0.16151794049384566
574.866;0.1592782735570036
575.195;0.15691927317203536
575.525;0.15537293881312025
575.854;0.15344534233039755
576.184;0.15147683574090837
576.513;0.14938629423468244
576.842;0.14807811476410296
577.172;0.14610606540404644
577.501;0.1442066842769783
577.83;0.14245663697433883
578.16;0.14080558998932194
578.489;0.13902951989755416
578.818;0.1363783545688059
579.147;0.13403622082606
579.477;0.1323165103902047
579.806;0.13100073473410978
580.135;0.12919932263663603
580.464;0.12685267854274507
580.793;0.12291981892288811
581.123;0.12115987340653486
581.452;0.12001405142677568
581.781;0.11890001431370222
582.11;0.1177960525983222
582.439;0.11672106178926457
582.768;0.11376408653225965
583.097;0.11268373997949084
583.427;0.1109109726758846
583.756;0.110074196068996
584.085;0.10916478925663399
584.414;0.10770732913954544
584.743;0.10650741741321475
585.072;0.10540617746798704
585.401;0.10417324134463372
585.73;0.10332545933247698
586.059;0.10337573276792945
586.388;0.10250298417708811
586.717;0.10044433465090695
587.046;0.09944301957673114
587.375;0.09844839348185469
587.703;0.09780302814482092
588.032;0.09647207185925834
588.361;0.09529586665247745
588.69;0.09439490437252597
589.019;0.0937979665456713
589.348;0.09297287983932198
589.677;0.09167837974463718
590.006;0.09118431301222808
590.334;0.09050033868760181
590.663;0.08982886253759022
590.992;0.08931101095804048
591.321;0.08897193324151442
591.649;0.08771874875417002
591.978;0.08662236254400343
592.307;0.08546730260515471
592.636;0.08401707756369257
592.964;0.08296273266523778
593.293;0.08206026026872668
593.622;0.08073160585985814
593.95;0.08094953238273665
594.279;0.07926039970509566
594.608;0.07853446482041312
594.936;0.07808045909035528
595.265;0.0770084998772203
595.594;0.0762754893749178
595.922;0.07594369241248743
596.251;0.0745959766738135
596.579;0.07343217139127474
596.908;0.07249483859598244
597.236;0.07345652263628427
597.565;0.07294479530470951
597.893;0.07226805499518135
598.222;0.07235440555839319
598.55;0.07154754660659866
598.879;0.07104416070893242
599.207;0.06977730836000082
599.536;0.0685125267683441
599.864;0.07102324830271604
600.193;0.07031124459364943
600.521;0.06989564869911812
600.849;0.06995178018994004
601.178;0.07018215466384255
601.506;0.0702019982847798
601.835;0.07020631289269996
602.163;0.07003147071112491
602.491;0.06973162095196357
602.819;0.06870932324944687
603.148;0.06763571286948714
603.476;0.06751071438214348
603.804;0.0671177801595218
604.133;0.06684143170768252
604.461;0.06635728417229725
604.789;0.06582783056455373
605.117;0.06555558044861162
605.446;0.06485496885888566
605.774;0.06415444392947295
606.102;0.0632288325475612
606.43;0.06272016877926238
606.758;0.06189148832123483
607.086;0.06118893217710275
607.414;0.05978998936077072
607.743;0.05970177908541743
608.071;0.05907376755186004
608.399;0.057799543394902224
608.727;0.057060510228086336
609.055;0.056326446393917186
609.383;0.055531077736083914
609.711;0.054036014921263836
610.039;0.05280879701504729
610.367;0.0516778958353201
610.695;0.05069244156801791
611.023;0.049496530230219854
611.351;0.04857795507487663
611.679;0.04795884735823945
612.007;0.04712610447077321
612.335;0.04500188126722921
612.663;0.044132704459979695
612.991;0.043487759698172423
613.319;0.04310100206817295
613.646;0.04476715059754644
613.974;0.043408684965174846
614.302;0.042740343736843954
614.63;0.04182408947195244
614.958;0.04106233085002432
615.286;0.04073006861867449
615.613;0.04152128765649162
615.941;0.04061121165076682
616.269;0.040475024135253626
616.597;0.040115090523519595
616.924;0.03962518712224262
617.252;0.03859566949450394
617.58;0.0375511141056112
617.908;0.0367381974918691
618.235;0.036045958621636745
618.563;0.035395717581455495
618.891;0.034680112848516506
619.218;0.03443215443649463
619.546;0.03478678457341259
619.873;0.03408706208516948
620.201;0.03329069084932434
620.529;0.032378462501396914
620.856;0.032308866240158864
621.184;0.03191986142642516
621.511;0.031171238129369217
621.839;0.03060350399480082
622.166;0.029214491586791905
622.494;0.02924401199828238
622.821;0.028991786702114258
623.149;0.027986865301424472
623.476;0.027271707581167585
623.804;0.02668637011596219
624.131;0.026133695862138255
624.459;0.02636356961517501
624.786;0.025788792815116222
625.114;0.02606199649751191
625.441;0.02632623697340211
625.768;0.026370221097223506
626.096;0.025992935500061716
626.423;0.0258275497464078
626.75;0.025214764672291386
627.078;0.025868372132332708
627.405;0.025784449800187813
627.732;0.025562047923598393
628.06;0.025516513686149694
628.387;0.02553473954690392
628.714;0.024839397722344173
629.041;0.025286635387991606
629.369;0.025669450049491126
629.696;0.026096307997141268
630.023;0.02652385771225681
630.35;0.026817080078512683
630.677;0.0268053872993965
631.005;0.025851107488986336
631.332;0.025758342471802993
631.659;0.025279255019986905
631.986;0.02530043081598397
632.313;0.025628204512771022
632.64;0.025195002484777868
632.967;0.025153050636204148
633.294;0.02542154307309223
633.621;0.025471240793177082
633.949;0.0250701317910954
634.276;0.024804501871616706
634.603;0.024570175111715515
634.93;0.023864778039500333
635.257;0.02390586813307116
635.584;0.023736505928523565
635.91;0.02423814771163405
636.237;0.0239789392910649
636.564;0.024001703909972506
636.891;0.023259251599889178
637.218;0.022833988232303277
637.545;0.02301323380316828
637.872;0.02319880398610663
638.199;0.022873179298433233
638.526;0.02289475400457843
638.853;0.022655821673240397
639.179;0.022300539235660524
639.506;0.021855902894450437
639.833;0.021484480428043608
640.16;0.02180281027174521
640.487;0.021669965617213207
640.813;0.020962134178017292
641.14;0.020901518773505896
641.467;0.02029650949294931
641.794;0.020305131133587378
642.12;0.020087428533686103
642.447;0.01998181317073757
642.774;0.020448950665322575
643.1;0.02072390527995604
643.427;0.019719912144544494
643.754;0.020265330945448082
644.08;0.02028341007453558
644.407;0.02067429459894453
644.733;0.02079433822227767
645.06;0.02172753972954317
645.387;0.022156182167576834
645.713;0.021674322646265703
646.04;0.02116546571031062
646.366;0.020677597917370248
646.693;0.0218833555029949
647.019;0.021503862870670555
647.346;0.020946100580781314
647.672;0.020663227380026458
647.999;0.020171558880883567
648.325;0.019965903655313713
648.651;0.02000992542789008
648.978;0.020257965576343746
649.304;0.020040374937931062
649.631;0.01940800864788183
649.957;0.019592858201834377
650.283;0.01934509712382996
650.61;0.01921266153021706
650.936;0.01906301181985649
651.262;0.019090743801858295
651.589;0.018606479987119187
651.915;0.018301348418220096
652.241;0.01792673717044489
652.568;0.017789506095075857
652.894;0.01794986888365139
653.22;0.01819240087532543
653.546;0.017849725089255822
653.873;0.017466501291085196
654.199;0.017373322516357415
654.525;0.0170247999619696
654.851;0.017412849315449123
655.177;0.017581264392464976
655.503;0.017043217323835576
655.83;0.017173882441189028
656.156;0.01766410059211767
656.482;0.017301257875480716
656.808;0.01657540222741329
657.134;0.016478881500728532
657.46;0.01707005581073725
657.786;0.016865819041780368
658.112;0.01695844361471481
658.438;0.016459259075695724
658.764;0.015608021256292893
659.09;0.015332078077771623
659.416;0.014923949211558207
659.742;0.014736445685512996
660.068;0.014555831654369559
660.394;0.014423393333683865
660.72;0.014532470715544327
661.046;0.014172691562183306
661.372;0.014416546638674537
661.698;0.0135766432913236
662.024;0.01329560601657525
662.349;0.012929031376571806
662.675;0.012291193063457473
663.001;0.011676485781781433
663.327;0.010989952781106278
663.653;0.01135768256369402
663.978;0.011154073930504013
664.304;0.011243760158254991
664.63;0.011252013341057802
664.956;0.011511556434060396
665.282;0.01150723061484099
665.607;0.011063592382273486
665.933;0.010927169353723695
666.259;0.010395264183290419
666.584;0.010357605201806492
666.91;0.010069929398605423
667.236;0.009723034452163468
667.561;0.010121610836891804
667.887;0.009912758194223065
668.213;0.01004370336680205
668.538;0.009986324164424845
668.864;0.009712695134425312
669.189;0.009654648102221665
669.515;0.010187199134394979
669.84;0.010253994388865553
670.166;0.010479082507909031
670.491;0.00971509730679667
670.817;0.009929459318277382
671.142;0.00943050392912501
671.468;0.00933649544249966
671.793;0.009521867988412461
672.119;0.009671405434276348
672.444;0.0098800795294291
672.77;0.00945516280309612
673.095;0.008445611969082514
673.42;0.008717268416427755
673.746;0.008747606267988229
674.071;0.009539292544277397
674.397;0.009694527981488173
674.722;0.009225627888854011
675.047;0.009681335842599458
675.373;0.00952998375704727
675.698;0.009738726256275929
676.023;0.010791355977447393
676.348;0.008026508680178056
676.674;0.008384523796201481
676.999;0.008537233660996974
677.324;0.008523721166806988
677.649;0.008231112846441884
677.974;0.00823850987989143
678.3;0.00842115141390514
678.625;0.008925035608372472
678.95;0.009323161344321608
679.275;0.009141880316623994
679.6;0.009863502790194992
679.925;0.0100650247581855
680.25;0.01046073461064728
680.576;0.01046522306945804
680.901;0.010584798621046903
681.226;0.011123947805845179
681.551;0.010740197000857127
681.876;0.01098320585150999
682.201;0.011500546029158858
682.526;0.011531402857822422
682.851;0.012074596670334243
683.176;0.01217790705075572
683.501;0.01199380160891581
683.826;0.011756337579021243
684.151;0.011952360859234876
684.476;0.012126925788409187
684.8;0.012991513386658621
685.125;0.01275943873437311
685.45;0.012839095242900066
685.775;0.012856215502892409
686.1;0.0125617221692105
686.425;0.01248026677741582
686.75;0.012020864397554796
687.074;0.012585696775166397
687.399;0.012777682851364644
687.724;0.012680702309906021
688.049;0.012860823195385878
688.373;0.012970421675406053
688.698;0.01280129574141523
689.023;0.013097203819861023
689.348;0.013642399758315738
689.672;0.013463991171542395
689.997;0.013141313919295105
690.322;0.01272848251905661
690.646;0.0121190906810161
690.971;0.010294401653709614
691.296;0.01091602759481591
691.62;0.011394235868664034
691.945;0.011133764055871059
692.269;0.011163477710769802
692.594;0.011443945406064323
692.919;0.011190771315819978
693.243;0.011345794117104851
693.568;0.011199579760944446
693.892;0.011385026165078749
694.217;0.011723578844339963
694.541;0.011384133427498846
694.866;0.011120614489618732
695.19;0.01113146611828204
695.514;0.011225745569890276
695.839;0.011568490063043882
696.163;0.011509016923273052
696.488;0.011580704091823836
696.812;0.01151587339029322
697.136;0.011595591106454
697.461;0.011112812864619388
697.785;0.010781930456351275
698.11;0.01134173191492219
698.434;0.01063799063040507
698.758;0.01039634183155616
699.082;0.010538008642328608
699.407;0.01091751725832961
699.731;0.010649681667224764
700.055;0.010410381105307516
700.379;0.010452542711230308
700.704;0.010077002061896536
701.028;0.009985794582038663
701.352;0.009788767208772708
701.676;0.009410905896243292
702.0;0.008973343354604646
702.325;0.009110494132830311
702.649;0.008970955272109388
702.973;0.008754853994202309
703.297;0.008046975664504734
703.621;0.00834138680724271
703.945;0.008259541368286476
704.269;0.008000949569176831
704.593;0.007958108164608116
704.917;0.007531870626018596
705.241;0.007252542771399925
705.565;0.007688631254441412
705.889;0.007949912553342065
706.213;0.007569659219212256
706.537;0.006844788650439613
706.861;0.00619930771582022
707.185;0.006479027208392916
707.509;0.005651902621146351
707.833;0.006009039695482163
708.157;0.005980151510367739
708.481;0.005829178184925818
708.805;0.008167301388368003
709.128;0.007951370097998416
709.452;0.007321734062328069
709.776;0.00710134908332584
710.1;0.007487083152003306
710.424;0.007049368273048309
710.748;0.00774878032950503
711.071;0.007617000672651101
711.395;0.007701120793325582
711.719;0.007238231396385353
712.042;0.006751051583309276
712.366;0.007250038939814958
712.69;0.00708298043001005
713.014;0.007726747323626412
713.337;0.007834088999405546
713.661;0.007329098370904087
713.985;0.00790257443299219
714.308;0.007540488251799507
714.632;0.007065259759490906
714.955;0.006906585180478863
715.279;0.006618276317629485
715.603;0.006349295810463311
715.926;0.006622782123653289
716.25;0.006665059781673881
716.573;0.00617128878515888
716.897;0.005827009480286433
717.22;0.0051545809758536095
717.544;0.005325402467354066
717.867;0.005152163880333904
718.191;0.005343589694577039
718.514;0.004135468948872395
718.837;0.004468589071871977
719.161;0.004759273972645117
719.484;0.004552763582498297
719.808;0.004219012445154993
720.131;0.004295005434391359
720.454;0.004143714253464904
720.778;0.0047540330689992884
721.101;0.0048049769855989495
721.424;0.004786173970188698
721.748;0.0045285349042604355
722.071;0.004543743713480281
722.394;0.004269944089927078
722.717;0.0036195288200951284
723.041;0.003984630992293877
723.364;0.0058828692486052785
723.687;0.0064404941243265046
724.01;0.006150466296592678
724.334;0.007030593513142276
724.657;0.007321819283352876
724.98;0.0076184095845092835
725.303;0.007762021101191911
725.626;0.007718405662461845
725.949;0.008144551010840526
726.272;0.00796004635584439
726.595;0.007662244855607356
726.919;0.007977216460667246
727.242;0.008573708108112036
727.565;0.008886154822524835
727.888;0.008939340392961122
728.211;0.008491014928276997
728.534;0.007833727662260351
728.857;0.007801479571959735
729.18;0.00778416599280711
729.503;0.007142658630504585
729.826;0.007197437341716693
730.148;0.007293623092959921
730.471;0.007423675224950904
730.794;0.0079625630652731
731.117;0.008173717433131953
731.44;0.00798886878820367
731.763;0.007740615625063989
732.086;0.008230828852111198
732.409;0.008446469709228235
732.731;0.008531384695870121
733.054;0.008460800173752359
733.377;0.008239499049795415
733.7;0.008841028736970964
734.022;0.008459439212924136
734.345;0.008488007042737286
734.668;0.00853329834345126
734.991;0.008790574860201971
735.313;0.009177046450566153
735.636;0.009612855332894243
735.959;0.008827393903265363
736.281;0.0072268913944358686
736.604;0.007129702307660513
736.927;0.007036178709728336
737.249;0.006753146050967059
737.572;0.007534089099736476
737.894;0.007774128395372794
738.217;0.007545133744551979
738.54;0.007613320336411621
738.862;0.008467223869470533
739.185;0.008682126371628603
739.507;0.008706170593692768
739.83;0.0086767759305589
740.152;0.008839984343842902
740.475;0.008509631517960971
740.797;0.00810490800814698
741.119;0.007985875295548157
741.442;0.00788786036022838
741.764;0.008137598338752347
742.087;0.008025761992496647
742.409;0.008467047670267238
742.731;0.009119693458388579
743.054;0.008469052977795058
743.376;0.008482564790216843
743.698;0.00838513503926744
744.021;0.009029726796651953
744.343;0.00874330059880669
744.665;0.008662669086003865
744.988;0.008660471444092058
745.31;0.007921552435573392
745.632;0.008291471148590412
745.954;0.007954462371290692
746.277;0.007552736975005562
746.599;0.008054042191882058
746.921;0.008163539694456833
747.243;0.008447479332178166
747.565;0.00807862379879068
747.887;0.008385807035455084
748.21;0.008216615954725297
748.532;0.008141673797538862
748.854;0.008573572511992561
749.176;0.008828807966261048
749.498;0.008488872433837237
749.82;0.008564694829519938
750.142;0.008292153295549018
750.464;0.00811406763964569
750.786;0.009671716396326878
751.108;0.009774035334283705
751.43;0.009999651520672932
751.752;0.010344904314780794
752.074;0.011176790749885715
752.396;0.011257004187278815
752.718;0.011556956666182085
753.04;0.010841659334948565
753.361;0.010858596426551573
753.683;0.010529927416615865
754.005;0.010490500231433154
754.327;0.010533051808765492
754.649;0.01058555038411377
754.971;0.011245141950889279
755.293;0.010531402459989311
755.614;0.010967408297574735
755.936;0.010963800304516318
756.258;0.011219663591543588
756.58;0.01109431906896316
756.901;0.011133937528001564
757.223;0.01088197440958177
757.545;0.010691106357477019
757.866;0.009958684599889949
758.188;0.009431497871406383
758.51;0.00924044407534355
758.831;0.009607780932192899
759.153;0.009525026923484151
759.475;0.009427746707026277
759.796;0.009645713908740592
760.118;0.009686148292808536
760.439;0.00973443664652307
760.761;0.010642150704200215
761.082;0.010906944775867566
761.404;0.01033677475927798
761.726;0.010753445802258338
762.047;0.010747751825768615
762.368;0.010877912131647093
762.69;0.009924319089068873
763.011;0.009656287072970834
763.333;0.009185448789100392
763.654;0.009192198294265415
763.976;0.009183106460826446
764.297;0.008796501016639301
764.618;0.0092562062530845
764.94;0.008783803159694481
765.261;0.008307407934742205
765.583;0.008384716357841545
765.904;0.007900052951186096
766.225;0.008569029208717834
766.546;0.008487845766682335
766.868;0.007838716084416665
767.189;0.007133380825851471
767.51;0.007010929651753399
767.831;0.006274122912617699
768.153;0.0056828960307056765
768.474;0.007005560196926158
768.795;0.0075103135700945334
769.116;0.007857292071016818
769.437;0.008238001280815359
769.759;0.008037945038699586
770.08;0.008200478880227196
770.401;0.008360735237211753
770.722;0.0087777177725068
771.043;0.008532200545147651
771.364;0.008263137165269344
771.685;0.008281622325195056
772.006;0.008705110141136035
772.327;0.008407969804547487
772.648;0.008792577061896886
772.969;0.00886605137215198
773.29;0.00923312052135539
773.611;0.008645749493117956
773.932;0.008944914681256006
774.253;0.00954019543262826
774.574;0.009274965332321966
774.895;0.009202576851550999
775.216;0.009970958321263273
775.537;0.009953688451027379
775.858;0.00985368161628769
776.178;0.009943701758951883
776.499;0.01055751228819084
776.82;0.010489271609387452
777.141;0.009099999220438866
777.462;0.009807499850554468
777.782;0.009302012440292379
778.103;0.010082526959873033
778.424;0.010103153629462226
778.745;0.00927139089740932
779.065;0.009539675470748878
779.386;0.009031092529857569
779.707;0.009041770383382289
780.027;0.008992424985952017
780.348;0.0093453615349129
780.669;0.009382602895499241
780.989;0.009005117388751246
781.31;0.00929339489026349
781.631;0.010156886432505828
781.951;0.010355034026673924
782.272;0.01035356920982347
782.592;0.01007612780781001
782.913;0.010112830041255383
783.233;0.010116139192586799
783.554;0.01025189499732634
783.874;0.010111750271933026
784.195;0.009937496759321377
784.515;0.009840455995005219
784.836;0.009663421095399811
785.156;0.009980617158587323
785.477;0.00978037040013608
785.797;0.009963078671681218
786.117;0.00971856182552532
786.438;0.009681066165400943
786.758;0.01001648240794102
787.079;0.009776395691538896
787.399;0.008736750018451582
787.719;0.008660949818111326
788.039;0.008144425792748072
788.36;0.007815068878700086
788.68;0.007651661313350098
789.0;0.007630273941955446
789.321;0.007366954989413549
789.641;0.007314644809344121
789.961;0.007552631831198955
790.281;0.0076325411999755306
790.601;0.00806947621186347
790.922;0.00808647716242108
791.242;0.008253255162488328
791.562;0.008276325289300893
791.882;0.008082680243819656
792.202;0.007873002131366597
792.522;0.007806768881147652
792.842;0.007223801772464353
793.162;0.006715313900360715
793.482;0.00693059857147005
793.802;0.006947011686336517
794.122;0.0066110560136473885
794.442;0.0064378299257108595
794.762;0.006470695622247283
795.082;0.005975288760816019
795.402;0.006120487282360677
795.722;0.005585036084023024
796.042;0.005318752500346015
796.362;0.003972123727436563
796.682;0.0036882900667940684
797.002;0.003684999323204009
797.322;0.004385405700702221
797.642;0.004290686584357987
797.962;0.00411953564731362
798.281;0.004132116997648508
798.601;0.003810810326736252
798.921;0.003940681184138465
799.241;0.004376925034577189
799.561;0.004248019712448078
799.88;0.0043462273609119586
800.2;0.005177784123216904
800.52;0.005736341127569519
800.839;0.005939475553101461
801.159;0.005783460021567569
801.479;0.00572101020609012
801.799;0.006002499417402046
802.118;0.0059710773271499104
802.438;0.005826082124032444
802.757;0.005763774040588253
803.077;0.005494742779567301
803.397;0.006240212216937032
803.716;0.0062026155036152405
804.036;0.006339524254130445
804.355;0.006774855595711507
804.675;0.007145934678202356
804.994;0.0073005849310427695
805.314;0.007455290558611301
805.633;0.00855739150132167
805.953;0.008547007035378366
806.272;0.008506094201539123
806.592;0.008851632959530245
806.911;0.009172037272355795
807.231;0.008571755902751678
807.55;0.007982006261021737
807.869;0.008120180752073443
808.189;0.007700547426270657
808.508;0.007442262347098307
808.827;0.00759117817186921
809.147;0.0089854333773245
809.466;0.009046916824256604
809.785;0.009740482263899165
810.105;0.009518726173297765
810.424;0.009519033953763373
810.743;0.008101500606442977
811.062;0.007743278005631104
811.382;0.008224721421085098
811.701;0.008893743735846251
812.02;0.009545506331142461
812.339;0.00936439074586101
812.658;0.009610399831099356
812.977;0.010145907388941427
813.296;0.00972579205302231
813.616;0.009606122871934176
813.935;0.009652549619706722
814.254;0.009302691935930212
814.573;0.00985351428007097
814.892;0.010127252998998441
815.211;0.010391994877522594
815.53;0.010214644773753424
815.849;0.010211776650694407
816.168;0.010295028122931987
816.487;0.010031233068931486
816.806;0.00997096097258405
817.125;0.0096059185687307
817.444;0.009825250973386475
817.763;0.00981680833477651
818.082;0.009546626173284492
818.4;0.009142125828927471
818.719;0.008895973420863392
819.038;0.008631611287225793
819.357;0.009967245335902292
819.676;0.009955770419601518
819.995;0.009559689685239762
820.313;0.009699148854833483
820.632;0.009276742777767449
820.951;0.009100426916355377
821.27;0.009547044248694202
821.588;0.009371500376138887
821.907;0.009615401434107513
822.226;0.010268440450975334
822.545;0.010616823318634476
822.863;0.010182304114481861
823.182;0.010202803141913885
823.501;0.009559184949516818
823.819;0.009514061288027642
824.138;0.009065639997035614
824.456;0.009148175612664787
824.775;0.009237050536259566
825.093;0.009441649248377816
825.412;0.00902246876816287
825.731;0.008341556491772114
826.049;0.008176289971800914
826.368;0.008186879649971958
826.686;0.008155778748293338
827.005;0.007561669956454287
827.323;0.007755489231586246
827.641;0.00825037529786589
827.96;0.008377570593849146
828.278;0.009873468574712406
828.597;0.010264170385244159
828.915;0.010234467865892657
829.233;0.009739767013306934
829.552;0.008960426725820144
829.87;0.009388528067160281
830.188;0.008843334704274317
830.507;0.009362491339660023
830.825;0.00940430478928947
831.143;0.008811742929492786
831.462;0.008960982063893815
831.78;0.009213080626929035
832.098;0.009270644739992083
832.416;0.009461575136010987
832.735;0.008997685812379636
833.053;0.009485450431065962
833.371;0.01012596483586341
833.689;0.010136825024505214
834.007;0.010531202247395014
834.325;0.011028125512803763
834.643;0.011003609204138162
834.961;0.011667960497715409
835.28;0.011839851910775353
835.598;0.011962550718233518
835.916;0.012111672891512505
836.234;0.01166458741167738
836.552;0.011085795299937575
836.87;0.010959000807903007
837.188;0.010566726688401498
837.506;0.01039504866878767
837.824;0.01059705764652796
838.142;0.0105058529694949
838.46;0.01020599305956259
838.777;0.009754479268022217
839.095;0.009905652124290225
839.413;0.010665136367508191
839.731;0.010274895659534685
840.049;0.01062181908873693
840.367;0.010143217510390302
840.685;0.00980968870523172
841.002;0.009558097453488205
841.32;0.009261819629422765
841.638;0.0085339954135582
841.956;0.008345453554546687
842.273;0.007595730716890633
842.591;0.009595746814465324
842.909;0.00973320408537222
843.227;0.009404471822498095
843.544;0.008885975214480549
843.862;0.00785981537087145
844.18;0.00820972948990439
844.497;0.007376759952388141
844.815;0.007225682543667913
845.132;0.00716695078893693
845.45;0.006847325206898095
845.768;0.006722502312741527
846.085;0.007498306798846924
846.403;0.00717006904517277
846.72;0.007453899599982341
847.038;0.0068587552780018084
847.355;0.006791418017813443
847.673;0.006895811727902313
847.99;0.006815449816545985
848.308;0.006442671843456527
848.625;0.006242263278686177
848.943;0.005814580770275976
849.26;0.0053353458292729455
849.577;0.005088074866851217
849.895;0.00499848840451329
850.212;0.00533427734700187
850.529;0.005222931949601106
850.847;0.004401609588483781
851.164;0.0043098371500454235
851.481;0.003959365041618024
851.799;0.004340720188908619
852.116;0.003982231395491265
852.433;0.00438957812207697
852.75;0.004481939002222645
853.068;0.0036559472864658897
853.385;0.0035181471619071727
853.702;0.0038216371087363295
854.019;0.0038441450797932326
854.336;0.003390966713320238
854.653;0.004167646438288439
854.971;0.0038307162915876135
855.288;0.004363994846180734
855.605;0.004688279026071851
855.922;0.0043551735989645415
856.239;0.004517093015841274
856.556;0.004749880115894214
856.873;0.004547175052823265
857.19;0.00484988392055302
857.507;0.0050705558482147875
857.824;0.005641162347955448
858.141;0.005443655464389891
858.458;0.00491470818316176
858.775;0.0055468613070209305
859.092;0.005830037818872088
859.409;0.005981276730903331
859.726;0.006025217751824187
860.043;0.005912251867167644
860.359;0.005390058939233958
860.676;0.005620548859218097
860.993;0.006206884281562035
861.31;0.007102974342959015
861.627;0.006721879934128335
861.944;0.007475928969763904
862.26;0.007601543851311045
862.577;0.007744833118891858
862.894;0.008348035713722455
863.211;0.008746187735623235
863.527;0.008929650497308036
863.844;0.008928740942779232
864.161;0.009383531312281538
864.477;0.009593430772143037
864.794;0.009653291913770828
865.111;0.008757674544991479
865.427;0.009122497419484912
865.744;0.008971665220060078
866.06;0.0085186016179005
866.377;0.008805614515156573
866.693;0.008638585927400372
867.01;0.008176303379908816
867.327;0.008449021264587079
867.643;0.008075757872540303
867.96;0.008489657527793803
868.276;0.009190321007654866
868.593;0.009447551315672128
868.909;0.009489019639089095
869.225;0.009076249143476331
869.542;0.008994328331258149
869.858;0.00905496865818479
870.175;0.00884469695288692
870.491;0.008825330721192693
870.807;0.009002630677123265
871.124;0.00886811879633788
871.44;0.00890066686464583
871.756;0.008574052325300252
872.073;0.00856161422203906
872.389;0.00783105346437779
872.705;0.00741273686022235
873.021;0.007345776769351787
873.338;0.0070146420310982106
873.654;0.006404712353701114
873.97;0.0064387244813393025
874.286;0.0056624216984328376
874.602;0.00532967768422274
874.918;0.004937604989347872
875.235;0.004896098335407747
875.551;0.0052644838274984
875.867;0.004921227629435811
876.183;0.0056747270841513864
876.499;0.0051684579130217055
876.815;0.00521030067868368
877.131;0.005424291959768456
877.447;0.004485314360821338
877.763;0.0045073747131799185
878.079;0.004847800891450576
878.395;0.004663069965164564
878.711;0.004744946613953887
879.027;0.0043163874273924535
879.343;0.00393848763283584
879.659;0.004003769210401716
879.975;0.0039749860933418904
880.291;0.003539342274669853
880.607;0.003779142118164463
880.922;0.004368053109258237
881.238;0.003970841245703171
881.554;0.004197557730212729
881.87;0.0036173598124476514
882.186;0.0016796182401713762
882.501;0.002286878719319366
882.817;0.002203234321343392
883.133;0.002176977306963004
883.449;0.002590093989316551
883.764;0.003216319365945927
884.08;0.003261792850272947
884.396;0.00289684278813448
884.711;0.0034901657284967403
885.027;0.0040056280135188855
885.343;0.004189875414648123
885.658;0.00486375169172644
885.974;0.0055937296133300235
886.29;0.005704576638177697
886.605;0.006200735338427854
886.921;0.0065421190222572775
887.236;0.007002655485640478
887.552;0.007453101400925959
887.867;0.006989078450727711
888.183;0.007311008560781472
888.498;0.0076381598032033045
888.814;0.00755947610214357
889.129;0.008260697495647064
889.445;0.007921286697480026
889.76;0.008049238907667643
890.075;0.008787740068032658
890.391;0.008848010346331573
890.706;0.008756874755142627
891.021;0.008819184429379274
891.337;0.008981138464930089
891.652;0.008747506805583272
891.967;0.008738638592113409
892.283;0.008671289438857574
892.598;0.00872982514735548
892.913;0.008506100337452915
893.229;0.009229633352772148
893.544;0.009074954844427508
893.859;0.009381229662843438
894.174;0.009526142296256876
894.489;0.009833862993517755
894.804;0.009640262262969415
895.12;0.009832854961360276
895.435;0.009835070935261434
895.75;0.009972312918921651
896.065;0.01051681633239074
896.38;0.010275945506808331
896.695;0.010836217309684187
897.01;0.01065492476767922
897.325;0.010261976682437493
897.64;0.010740831954305976
897.955;0.01058007904281686
898.27;0.010639256522445614
898.585;0.01093259425903108
898.9;0.01061619389508323
899.215;0.010749382615299398
899.53;0.010503192785736429
899.845;0.009669723663634725
900.16;0.00974793959595827
900.475;0.009211661185539791
900.79;0.009779534097812601
901.104;0.009669039244115463
901.419;0.009750086559767331
901.734;0.010044297035398891
902.049;0.009832309622553513
902.364;0.009820966060258977
902.678;0.009672964941154374
902.993;0.00943105161624446
903.308;0.008672087940922052
903.623;0.008283753759839599
903.937;0.00834844863799467
904.252;0.0085026304403307
904.567;0.008247209393608181
904.881;0.008375304169101306
905.196;0.0080645741470123
905.511;0.0077702579215579584
905.825;0.007887134883113166
906.14;0.008170809237253265
906.454;0.007999175911332456
906.769;0.007806186726858162
907.084;0.007604394096892863
907.398;0.007504849122231634
907.713;0.0072359493667209646
908.027;0.0070554676743600706
908.342;0.0070596886527809505
908.656;0.00749682880114462
908.97;0.007794775593759962
909.285;0.007034547465685424
909.599;0.00670360195598294
909.914;0.006300747475809089
910.228;0.005909264283169844
910.542;0.006072159386090642
910.857;0.006243818088938838
911.171;0.0060567230177965385
911.485;0.006159125207225605
911.8;0.0065629675695190615
912.114;0.006665743367920899
912.428;0.006453950410516127
912.743;0.00676486867637994
913.057;0.00641819674389092
913.371;0.006496125500298864
913.685;0.008008063517319964
913.999;0.007859154282974977
914.314;0.007865350798379016
914.628;0.007622162491185902
914.942;0.0071949504028326495
915.256;0.006450226592615994
915.57;0.005949228928949039
915.884;0.006322934182540464
916.198;0.006749925908261551
916.512;0.00744904965252234
916.827;0.0071700760901108225
917.141;0.006929255563871052
917.455;0.007135853750611424
917.769;0.007014103131213317
918.083;0.007023695988526154
918.397;0.006640097672358493
918.711;0.006235556497661582
919.024;0.006497534866669178
919.338;0.006738041779537649
919.652;0.006616323733509017
919.966;0.006424316674000655
920.28;0.006687332618454328
920.594;0.006395438791161235
920.908;0.006377565177309567
921.222;0.006775196101050639
921.535;0.00681874639304174
921.849;0.006582048216090149
922.163;0.0066057736736455045
922.477;0.006923522272081875
922.79;0.00707343067559776
923.104;0.007765918163966492
923.418;0.00849935408962483
923.732;0.008756791427918366
924.045;0.008745995855751374
924.359;0.008493012433346544
924.673;0.008503383566933963
924.986;0.009142066515094197
925.3;0.009231709412688562
925.614;0.007736728031292178
925.927;0.007609817714415878
926.241;0.007719335670036606
926.554;0.0075889030356388375
926.868;0.007694492794403928
927.181;0.007021950964946118
927.495;0.0064324342606839864
927.808;0.006254880762735594
928.122;0.0062914399006113115
928.435;0.00598656505531497
928.749;0.006211325092350927
929.062;0.0065375781430472586
929.376;0.007025925294783187
929.689;0.0072535800438379115
930.002;0.007713305733329063
930.316;0.007395168224011469
930.629;0.007643088078254111
930.942;0.008378059573151509
931.256;0.009409596522542082
931.569;0.009516865097619934
931.882;0.010270671272272809
932.195;0.010414170524458751
932.509;0.01119110523073319
932.822;0.010910180674993658
933.135;0.010845395121668188
933.448;0.01103692577670985
933.762;0.010907544807634258
934.075;0.010787497851212148
934.388;0.010580058362514841
934.701;0.010817846156551666
935.014;0.011802301633443079
935.327;0.011992808727162746
935.64;0.011982594930525135
935.953;0.01218273934799458
936.266;0.012282604905213133
936.58;0.012686783379228444
936.893;0.01293392647223695
937.206;0.012673770242367844
937.519;0.0124788941507762
937.832;0.012242939707177132
938.144;0.012416426760829631
938.457;0.012081042334138823
938.77;0.012624388408214955
939.083;0.012417989676548653
939.396;0.01254511906827273
939.709;0.012914294047937223
940.022;0.012820438125884287
940.335;0.013455144017134662
940.648;0.014096714708127633
940.96;0.014279601905948867
941.273;0.01433833335767176
941.586;0.014604795261608683
941.899;0.014330740429493179
942.211;0.014006823268148907
942.524;0.014187989304277041
942.837;0.013638366493405506
943.15;0.013200035295999073
943.462;0.012948156262323771
943.775;0.012506428647256509
944.088;0.011879891854064469
944.4;0.011492616610498317
944.713;0.011272986727651929
945.025;0.010888371516340208
945.338;0.011078715440204364
945.651;0.01117837457316283
945.963;0.01156743453436858
946.276;0.01165584229524335
946.588;0.012067623545200109
946.901;0.012250130316366587
947.213;0.012750542492655085
947.526;0.012848894751729066
947.838;0.012159562183574849
948.151;0.01251931096037503
948.463;0.012703835689657005
948.775;0.012393885307378978
949.088;0.0117661022419201
949.4;0.01168168706711972
949.713;0.011982305633552907
950.025;0.011942876706073685
950.337;0.011369562374552673
950.65;0.011480897924190573
950.962;0.011541932540392005
951.274;0.011106793002930786
951.586;0.010989262755937378
951.899;0.010736120330038255
952.211;0.011161884266985889
952.523;0.010927702799462997
952.835;0.010863911945939119
953.147;0.011271506305884924
953.46;0.011232927467597197
953.772;0.01129496519207467
954.084;0.011016498259186642
954.396;0.010580615670141093
954.708;0.010558043158361397
955.02;0.009871379030936064
955.332;0.008951757209904123
955.644;0.00877048792376993
955.956;0.008864997358517118
956.268;0.007950389942585056
956.58;0.007277968255834219
956.892;0.008607978322889369
957.204;0.00858766844825641
957.516;0.008689913452239711
957.828;0.009030343342359446
958.14;0.008305675182989742
958.452;0.008638182623634957
958.764;0.00945218453659703
959.076;0.010035332616861015
959.388;0.009582137887951266
959.699;0.010516688765985603
960.011;0.011268041559900206
960.323;0.011537037293222812
960.635;0.01115288007863644
960.947;0.011348413243267378
961.258;0.011079364029017191
961.57;0.010767904060443676
961.882;0.010974191663893627
962.194;0.010844832511400393
962.505;0.010688030143613417
962.817;0.010871915222821167
963.129;0.010487864970089933
963.44;0.01061874135983289
963.752;0.00956935556750186
964.063;0.009932559469779948
964.375;0.010008079690646684
964.687;0.010254261641999359
964.998;0.010433042852969183
965.31;0.010691945311121267
965.621;0.010281978019084625
965.933;0.011014917920502543
966.244;0.010550657487715156
966.556;0.009997738706364041
966.867;0.009644635578706658
967.179;0.009512409590938775
967.49;0.00931839631487833
967.801;0.008309397334345395
968.113;0.007938671635037423
968.424;0.008139336771906472
968.736;0.008147910461514586
969.047;0.008455353376110596
969.358;0.008198814305294582
969.67;0.008910528717388984
969.981;0.008367575720555274
970.292;0.008562758683588254
970.603;0.008588525961146067
970.915;0.008112802656629411
971.226;0.008382195406299598
971.537;0.008450774317881462
971.848;0.008369739198305142
972.16;0.008766675627508023
972.471;0.009227413742773933
972.782;0.009287897263014924
973.093;0.009222472211119279
973.404;0.009330226129402429
973.715;0.00945655330721294
974.026;0.009886732678022075
974.337;0.009708909502875174
974.648;0.009619617261390897
974.959;0.009719663487182052
975.27;0.0100318081025309
975.581;0.010123930742567214
975.892;0.010047107435417105
976.203;0.01070459180819513
976.514;0.010552112987066906
976.825;0.010223642598933025
977.136;0.009828337035012949
977.447;0.009992199870015477
977.758;0.009972922268187055
978.069;0.010052226681315507
978.38;0.009861737843833158
978.691;0.00999711534297455
979.001;0.010667775113444427
979.312;0.010321403764978919
979.623;0.010055248959739404
979.934;0.009700073408262658
980.244;0.010359371966216861
980.555;0.010171326207197788
980.866;0.010402385479379689
981.177;0.010541865102019364
981.487;0.010661750933890572
981.798;0.011081118597352014
982.109;0.01118810037527437
982.419;0.011943709220796062
982.73;0.01203092729616447
983.04;0.01237106804081603
983.351;0.01239113353942584
983.662;0.012574486536430679
983.972;0.01271767012994072
984.283;0.01263634760719273
984.593;0.012539291995480251
984.904;0.011911330685513474
985.214;0.011675377150938667
985.525;0.011658764505246114
985.835;0.011423700147906179
986.146;0.012115433676399404
986.456;0.012448986419196952
986.766;0.012455671610895263
987.077;0.011880809817067722
987.387;0.01216717359524681
987.698;0.01207130979009731
988.008;0.01184709509186812
988.318;0.011671342901252152
988.628;0.011561852822375533
988.939;0.010839089826360485
989.249;0.011379881163492854
989.559;0.011671772339465177
989.87;0.010926703327284015
990.18;0.010505717827887557
990.49;0.011139328950915203
990.8;0.010729783749145442
991.11;0.010623808488340117
991.42;0.01004800380909407
991.731;0.009715162377783618
992.041;0.008998299858270414
992.351;0.00859039953590753
992.661;0.009368592634772336
992.971;0.00934968621785198
993.281;0.009041896207490923
993.591;0.009238850252799526
993.901;0.008745210080026607
994.211;0.009197168763192504
994.521;0.009056852383717215
994.831;0.009728279294914433
995.141;0.00939225150630031
995.451;0.008873484842324142
995.761;0.008632362974540644
996.071;0.008377547565234445
996.381;0.007640154732704105
996.691;0.007690170838537647
997.0;0.007112846422225145
997.31;0.006934924769449566
997.62;0.007372402923335643
997.93;0.007319099861513156
998.24;0.007095682226060013
998.549;0.006738354332380641
998.859;0.007698509621125368
999.169;0.007762695218436176
999.479;0.0076925530123751855
999.788;0.007662531880018921
1000.098;0.007839694573285537
1000.408;0.008163439777539746
1000.717;0.008637488432104849
1001.027;0.008811598849146837
1001.337;0.00903141727877611
1001.646;0.009199367465632631
1001.956;0.00987425162336438
1002.265;0.00966929589196618
1002.575;0.009278055257301557
1002.884;0.009451079390347282
1003.194;0.009235161659589644
1003.503;0.009182292581101493
1003.813;0.008824231180592572
1004.122;0.009255888852112095
1004.432;0.009175659279538301
1004.741;0.007022554026793697
1005.051;0.007421084278540584
1005.36;0.007938350825224021
1005.67;0.00817479826298262
1005.979;0.008386822036798582
1006.288;0.008116055145448324
1006.598;0.008665617203198176
1006.907;0.008628781949202073
1007.216;0.00861720363139119
1007.525;0.008394193693320751
1007.835;0.008295411314265547
1008.144;0.008173508281799063
1008.453;0.008254743992729779
1008.762;0.008581225663028673
1009.072;0.008579385343404893
1009.381;0.009112203704464032
1009.69;0.008421084827877756
1009.999;0.008345402118923711
1010.308;0.008653250306837716
1010.617;0.00915132871483077
1010.926;0.009306065855240478
1011.236;0.009408700679129271
1011.545;0.009787470940171312
1011.854;0.009909788487702478
1012.163;0.010168430813410822
1012.472;0.01062498522025071
1012.781;0.01062657646722598
1013.09;0.010596865615152053
1013.399;0.010876133019657123
1013.708;0.010428122683384741
1014.017;0.01016158070956051
1014.325;0.010070340732085176
1014.634;0.009145462932755028
1014.943;0.008910428724719865
1015.252;0.008583333387290315
1015.561;0.008734833265037533
1015.87;0.009269704960406472
1016.179;0.008888558055424508
1016.487;0.008433099931847796
1016.796;0.007933092271357065
1017.105;0.007553005894683851
1017.414;0.0073443103617088605
1017.722;0.007420900276879022
1018.031;0.007452003678374374
1018.34;0.006796335763333181
1018.649;0.0070059744847347635
1018.957;0.006639571953325438
1019.266;0.00661071755361285
1019.574;0.006550857699769428
1019.883;0.006216600463166782
1020.192;0.005975248157732199
1020.5;0.005569265194799531
1020.809;0.006201144020586835
1021.117;0.0060626559919158465
1021.426;0.005675431653708518
1021.734;0.005279523482453001
1022.043;0.004773396876628811
1022.351;0.004893586777116536
1022.66;0.004771795630386634
1022.968;0.005585232736272271
1023.277;0.005608270516971423
1023.585;0.005677809130920683
1023.893;0.00548061692125474
1024.202;0.005334975250381061
1024.51;0.005319810150077931
1024.819;0.005074184142815115
1025.127;0.004219656185838409
1025.435;0.003996905622691477
1025.743;0.0037975315275342995
1026.052;0.00397784414138197
1026.36;0.004296223375401947
1026.668;0.004214535955163722
1026.976;0.0042977272802957895
1027.285;0.004399798281884435
1027.593;0.004532475903207804
1027.901;0.004461327786045955
1028.209;0.004397498829254981
1028.517;0.0036672815312617083
1028.825;0.003628005092602882
1029.134;0.0032535771647210594
1029.442;0.0030227092421468635
1029.75;0.0022084134870912343
1030.058;0.0019601069945280295
1030.366;0.002125311246337101
1030.674;0.002749229822390878
1030.982;0.0027554393671427105
1031.29;0.0031337533737559164
1031.598;0.0028702592825390395
1031.906;0.0033519025318272063
1032.214;0.0036208754637911803
1032.522;0.0035874421573535145
1032.829;0.003272713489028351
1033.137;0.0037530704689820345
1033.445;0.0042687073624150165
1033.753;0.004177475641910089
1034.061;0.003775826755167245
1034.369;0.0035163418397175733
1034.676;0.002753600335303304
1034.984;0.0027438740786796287
1035.292;0.002782727139287197
1035.6;0.005171611924211942
1035.907;0.004898301431465149
1036.215;0.004672558511943035
1036.523;0.005216841259771879
1036.831;0.005223244956956232
1037.138;0.005689236247695538
1037.446;0.005164799772124683
1037.753;0.005305423553305468
1038.061;0.0055341362551001895
1038.369;0.005694933102762105
1038.676;0.0059399430945815835
1038.984;0.006532785691372001
1039.291;0.007002800096250583
1039.599;0.006882550578921499
1039.906;0.006711474939387056
1040.214;0.006432507058377184
1040.521;0.006982239936936762
1040.829;0.006936670777805892
1041.136;0.007213885151009257
1041.444;0.006711186778695163
1041.751;0.007457688867629535
1042.058;0.007815367038658889
1042.366;0.007919717645847216
1042.673;0.007462931665075916
1042.98;0.0072932991773136165
1043.288;0.007708211182589853
1043.595;0.007407695790410709
1043.902;0.0070797246081021606
1044.21;0.007386331220374683
1044.517;0.008353705828325229
1044.824;0.008589111978788673
1045.131;0.008558040999158762
1045.439;0.00936746733848472
1045.746;0.009657606445938948
1046.053;0.009533883622646663
1046.36;0.009244004647636165
1046.667;0.008847657947924973
1046.974;0.008939084048118493
1047.281;0.009518637922192071
1047.588;0.00976832726791788
1047.896;0.009824316193434325
1048.203;0.00979302083631509
1048.51;0.010080689367322045
1048.817;0.009812678107278055
1049.124;0.010617905133261428
1049.431;0.010540825557020714
1049.738;0.010940800551332239
1050.044;0.01104796398260348
1050.351;0.010896675452997787
1050.658;0.011172298124713745
1050.965;0.01148433736899992
1051.272;0.012001679970713492
1051.579;0.011866387010828702
1051.886;0.011789341219989823
1052.193;0.011308021053075717
1052.499;0.011216108094636454
1052.806;0.01154247977299932
1053.113;0.011140725893953901
1053.42;0.010939331492368544
1053.726;0.009879811897535186
1054.033;0.009774575446200955
1054.34;0.009534722652042929
1054.647;0.009316713256452332
1054.953;0.009194687884470233
1055.26;0.00899913388803322
1055.566;0.009018878198069522
1055.873;0.009252617501039687
1056.18;0.009218792102135857
1056.486;0.008644973792412117
1056.793;0.007514456902692817
1057.099;0.006664423161680543
1057.406;0.006366746879535961
1057.712;0.0062490219498458725
1058.019;0.005888458081288392
1058.325;0.0055028242325361075
1058.632;0.0052155720346423635
1058.938;0.0053357599655775145
1059.245;0.005209591185245118
1059.551;0.005053042283723943
1059.857;0.004974637425857386
1060.164;0.005309330388090888
1060.47;0.0055338077185805475
1060.777;0.005378666592637229
1061.083;0.005863939651566166
1061.389;0.005612320447326507
1061.695;0.0059849278268623
1062.002;0.005256886126942428
1062.308;0.005296559809204905
1062.614;0.005447293000736907
1062.92;0.0048220617178929455
1063.227;0.005216289860803347
1063.533;0.005443309126145062
1063.839;0.005088900563891608
1064.145;0.004729046491780774
1064.451;0.004212685863529089
1064.757;0.004345227055460735
1065.063;0.003959674034115983
1065.37;0.004762416696784074
1065.676;0.00447476346768558
1065.982;0.004510288590460254
1066.288;0.0038498465557331384
1066.594;0.003388361677033819
1066.9;0.003392926266626738
1067.206;0.0034301883075150952
1067.512;0.0034902165581035395
1067.818;0.0023774544273133078
1068.123;0.002513050168030247
1068.429;0.002803562884457247
1068.735;0.0024604617507838094
1069.041;0.0023327805055790756
1069.347;0.002330591120637667
1069.653;0.0019299982928342758
1069.959;0.0016037981170493238
1070.264;0.001706586793294912
1070.57;0.00222213642039849
1070.876;0.0023071991992354127
1071.182;0.0031127151434309063
1071.487;0.0031664851407173446
1071.793;0.0032553811233742604
1072.099;0.00405274175637944
1072.405;0.0035934532318075583
1072.71;0.0032614980991551353
1073.016;0.0034426976934290436
1073.321;0.004446032316512874
1073.627;0.0047454934678010955
1073.933;0.004381846870706117
1074.238;0.004712392788492269
1074.544;0.005474965365897359
1074.849;0.004838307799550786
1075.155;0.004652199777255848
1075.46;0.004769244832548001
1075.766;0.004593609148541956
1076.071;0.004744279390143634
1076.377;0.004758739542129516
1076.682;0.004768052647224917
1076.988;0.005535720608641458
1077.293;0.006077332037164586
1077.598;0.006818762603974459
1077.904;0.006932936051614578
1078.209;0.007228822692238126
1078.514;0.007248227178703489
1078.82;0.0068263888630427485
1079.125;0.0064693993536458945
1079.43;0.007043412421818339
1079.736;0.006908818804601153
1080.041;0.00654083949485276
1080.346;0.006648994141332583
1080.651;0.006777740384215376
1080.956;0.007002245894457235
1081.262;0.006820255524825108
1081.567;0.0069868909595868466
1081.872;0.007010132588977346
1082.177;0.006582029429588674
1082.482;0.006419504905559772
1082.787;0.006567470042453901
1083.092;0.006984230094060174
1083.397;0.007168800880571553
1083.702;0.006873591993289325
1084.007;0.006898151480607503
1084.312;0.007152823036823819
1084.617;0.007637434477592133
1084.922;0.007850221680286363
1085.227;0.007924898932422781
1085.532;0.008071838999578126
1085.837;0.0082150728418423
1086.142;0.008354016088733814
1086.447;0.008488084369771179
1086.752;0.008616693314472894
1087.057;0.008739258552357475
1087.361;0.008855195712943421
1087.666;0.008963920425749247
1087.971;0.009064848320293459
1088.276;0.009157395026094554
1088.581;0.009240976172671056
1088.885;0.009315007389541463
1089.19;0.009378904306224279
1089.495;0.00943208255223802
1089.799;0.009473957757101184
1090.104;0.009503945550332283
1090.409;0.009521461561449819
1090.713;0.00952592141997231
1091.018;0.009516740755418265
1091.323;0.009493335197306177
1091.627;0.009455120375154558
1091.932;0.009401511918481912
1092.236;0.009331925456806755
1092.541;0.009245776619647605
1092.845;0.009142481036522944
1093.15;0.009021454336951286
1093.454;0.008882112150451149
1093.759;0.00872387010654103
1094.063;0.008546143834739443
1094.368;0.008348348964564892
1094.672;0.008129901125535886
1094.976;0.007890215947170922
1095.281;0.007628709058988536
1095.585;0.007344796090507198
1095.889;0.007037892671245436
1096.194;0.006707414430721754
1096.498;0.006352776998454658
1096.802;0.005973396003962668
1097.107;0.005568687076764269
1097.411;0.00513806584637798
1097.715;0.0046809479423223065
1098.019;0.004196748994115759
1098.323;0.00368488463127685
1098.628;0.003144770483324068
1098.932;0.0025758221797759313
1099.236;0.00197745535015095
1099.54;0.0013490856239676283
1099.844;0.0006901286307444836
1100.148;0.0
