Wavelength;Intensity
174.456;0.013553433189650873
174.799;0.02439368823016328
175.142;0.03078967783743708
175.485;0.03362128759668912
175.828;0.03376840309313624
176.17;0.029861685091039133
176.513;0.02490199105366813
176.856;0.031424552449789554
177.199;0.03450046603180723
177.542;0.028713416224963335
177.884;0.02335905214911104
178.227;0.027858983751423254
178.57;0.02932632449822519
178.913;0.02490643163313516
179.255;0.01710595811186508
179.598;0.02756590550660151
179.941;0.03533139592621711
180.284;0.0325945909859353
180.626;0.02955366050557227
180.969;0.0319246050205
181.312;0.03832109728248526
181.654;0.03332436231395061
181.997;0.0276560167777366
182.34;0.02523373483189765
182.682;0.036461360940343523
183.025;0.03316536790766884
183.368;0.027785551729993425
183.71;0.028869378040389557
184.053;0.03231808368400242
184.395;0.0278260584792778
184.738;0.02421164340677448
185.081;0.027368245566911923
185.423;0.030519540693052214
185.766;0.02575815643626859
186.108;0.022436169767689498
186.451;0.02607224620344635
186.793;0.030839262414676067
187.136;0.027978554476583477
187.478;0.022983444110292822
187.821;0.027966749033610218
188.163;0.03322157914531205
188.506;0.03061268455504303
188.848;0.024520209526322636
189.191;0.02954759532386122
189.533;0.03517272644038413
189.876;0.032604121985766885
190.218;0.0255897393369714
190.561;0.02659785918279606
190.903;0.03191886475923776
191.245;0.029611712959092033
191.588;0.025880543138651565
191.93;0.02855951223904612
192.272;0.03096294879885435
192.615;0.025538618519692833
192.957;0.018774749536925792
193.3;0.020462169734384673
193.642;0.023314646354440985
193.984;0.02193026862890062
194.327;0.01605505707361446
194.669;0.023628411201170194
195.011;0.03306345119356047
195.353;0.032429964625207634
195.696;0.029356325486331564
196.038;0.03454833764459777
196.38;0.03936614975265734
196.722;0.033723581238715265
197.065;0.025989066568552304
197.407;0.023303274138732743
197.749;0.028417305389285955
198.091;0.02388304052621677
198.434;0.01989377556260911
198.776;0.02416756253255333
199.118;0.031151619272793692
199.46;0.028742875678988363
199.802;0.025959282194078653
200.144;0.0313474379966066
200.487;0.03434233808005563
200.829;0.030111332302537392
201.171;0.023352770353767437
201.513;0.027568396563375622
201.855;0.03178738028428813
202.197;0.02910895271797493
202.539;0.022669462649931246
202.881;0.0280855616110564
203.223;0.033670944126008885
203.565;0.0277660565030652
203.907;0.02310258160818785
204.249;0.026734650691742797
204.591;0.030769404518183087
204.933;0.027489982428397505
205.275;0.022980953053518636
205.617;0.02510484972053851
205.959;0.03167809870667354
206.301;0.027673562481972155
206.643;0.021716362666770853
206.985;0.02666502630474574
207.327;0.03259612482706732
207.669;0.03337279777202664
208.011;0.031340713118077665
208.353;0.03236478558317731
208.695;0.03436856869127404
209.037;0.03230182184876707
209.379;0.026804603898234084
209.721;0.024912826717408475
210.062;0.02715605572628599
210.404;0.027132886190615813
210.746;0.027106337807198514
211.088;0.02712537522121443
211.43;0.02712948568150544
211.772;0.027105539044428535
212.113;0.02707444491562564
212.455;0.02708954613501792
212.797;0.02709947537901294
213.139;0.027080932818840556
213.48;0.027055248073976176
213.822;0.027091062430445675
214.164;0.027103103332437477
214.506;0.027051273538739585
214.847;0.02699994607205554
215.189;0.026982794821244934
215.531;0.02698064644723744
215.872;0.02693021435300349
216.214;0.026890173864563206
216.556;0.02689338971055184
216.898;0.02693017232995877
217.239;0.026883183201107174
217.581;0.02681541475971361
217.922;0.02679411524953312
218.264;0.026799485426404146
218.606;0.026764187585141434
218.947;0.026731493981275892
219.289;0.02674337069013423
219.63;0.02675375460614395
219.972;0.026717411604104246
220.314;0.026686288990608674
220.655;0.026690220961266473
220.997;0.026693791403771573
221.338;0.02666441101372249
221.68;0.026639750743033198
222.021;0.02666790423346759
222.363;0.026693132356794585
222.704;0.02666948053087156
223.046;0.026651080827389834
223.387;0.026696482936462658
223.729;0.026740232825053313
224.07;0.026722313678915362
224.412;0.026682293985383805
224.753;0.026702577902548152
225.094;0.026731871213916954
225.436;0.026704576921456013
225.777;0.02665752627433277
226.119;0.026657629382421857
226.46;0.026658244131910997
226.801;0.0266286179936958
227.143;0.02660391060954143
227.484;0.026622375946953814
227.825;0.026659656236181502
228.167;0.026631865140354344
228.508;0.026646476921243906
228.849;0.02674403948472469
229.191;0.026856961579354553
229.532;0.02691356012217274
229.873;0.026960630481136543
230.215;0.027043688487475872
230.556;0.02708960570376687
230.897;0.027054858710971696
231.238;0.026972427151257663
231.58;0.026983582861640105
231.921;0.027008675709753578
232.262;0.02700353915068524
232.603;0.0270181968536649
232.944;0.027087295411069048
233.286;0.0271670494096713
233.627;0.02718503462296717
233.968;0.02719172267717855
234.309;0.02722308941423799
234.65;0.02721800884979366
234.991;0.02716048677475316
235.332;0.027124164784235814
235.673;0.027154257616522307
236.015;0.02718191116269281
236.356;0.027161411823270906
236.697;0.02712400178247733
237.038;0.027133575780114993
237.379;0.027132925614296935
237.72;0.027067140595629695
238.061;0.027021341542075247
238.402;0.027032776575736845
238.743;0.027054816687926985
239.084;0.02704958449393988
239.425;0.027032415805731857
239.766;0.02706711557675514
240.107;0.027102856501203205
240.448;0.027084027686115425
240.789;0.027070584752387026
241.13;0.027095875368747004
241.471;0.02711339832855104
241.812;0.02708246243600671
242.153;0.027061263109631268
242.494;0.027073852802261104
242.834;0.02708585124798093
243.175;0.027054230098210074
243.516;0.027025873857415623
243.857;0.02704893638595133
244.198;0.027072112311723674
244.539;0.027041428774061252
244.88;0.027002437237136526
245.22;0.027018535095852104
245.561;0.027028293106770608
245.902;0.026991377811513742
246.243;0.02695240815256591
246.584;0.026950145731480878
246.924;0.026940468517447316
247.265;0.0268888110398941
247.606;0.026840612123904782
247.947;0.02684611226895533
248.287;0.026870102337065563
248.628;0.02685218795642753
248.969;0.026854198889085183
249.31;0.026896976615693013
249.65;0.026940002256603278
249.991;0.02692457243433044
250.332;0.02688572472885772
250.672;0.026893386028120088
251.013;0.026895103449305652
251.354;0.026843844324222675
251.694;0.026769557870319278
252.035;0.026744813445233738
252.375;0.02673196977311976
252.716;0.026705061486151996
253.057;0.026690510465386362
253.397;0.026729392395813022
253.738;0.026781388115553438
254.078;0.026787889448813572
254.419;0.026792894631713776
254.759;0.0268188433202894
255.1;0.026845713158337385
255.44;0.026841029538374684
255.781;0.02685243294644593
256.121;0.026907538046574593
256.462;0.0269548068236258
256.802;0.02693898558051897
257.143;0.02692169667174489
257.483;0.0269454010264738
257.824;0.026951097315168614
258.164;0.02691880455483008
258.505;0.02688772266469742
258.845;0.026906388911253985
259.185;0.02692309632073152
259.526;0.026876315682501234
259.866;0.026856029599200568
260.207;0.026876721508141792
260.547;0.02689556732739973
260.887;0.026856690487393434
261.228;0.02682485835594449
261.568;0.026818750717961488
261.908;0.026805642885522625
262.249;0.026730953530262714
262.589;0.026655007166093186
262.929;0.02666383893711896
263.269;0.026664032481399636
263.61;0.0266417700153157
263.95;0.02663199694974974
264.29;0.026667317860364314
264.63;0.026712584585916806
264.971;0.026716664070458366
265.311;0.02671811397380775
265.651;0.026787466510696044
265.991;0.026868602395967063
266.331;0.02689995537806084
266.672;0.026932576091439033
267.012;0.026995940561069492
267.352;0.02703459634686379
267.692;0.027032143739009393
268.032;0.02701738022027024
268.372;0.02703596729454411
268.713;0.027062865617284774
269.053;0.027055919901157494
269.393;0.02705933936396071
269.733;0.027106220727530127
270.073;0.027146911165174835
270.413;0.02712461631535284
270.753;0.027094649118973215
271.093;0.02710039696171257
271.433;0.02709990329924402
271.773;0.027069324710886557
272.113;0.027043789862655897
272.453;0.027096671748767023
272.793;0.02715606428252448
273.133;0.027178179776258738
273.473;0.02718702822653422
273.813;0.0272265800346195
274.153;0.027259027132171217
274.493;0.02724338405377715
274.833;0.02722584398149614
275.173;0.0272464548769388
275.513;0.027288568466149275
275.852;0.02728655785841207
276.192;0.027281293605607354
276.532;0.027317207171120548
276.872;0.027344346259913777
277.212;0.02731385063457758
277.552;0.02727867268896048
277.892;0.027290164692007436
278.231;0.027308431394718783
278.571;0.027273432696882604
278.911;0.02723987794552091
279.251;0.02724286331460453
279.591;0.02724640743855327
279.93;0.027204965243296846
280.27;0.027143244871137336
280.61;0.027141792585038
280.95;0.027146299339969735
281.289;0.02710826967588029
281.629;0.027067473964010165
281.969;0.027082425719995997
282.308;0.027097640228318093
282.648;0.027067919321638663
282.988;0.027039668679990074
283.328;0.027034614650715737
283.667;0.027030936767848898
284.007;0.026993464125715523
284.346;0.026948476181908106
284.686;0.026942536202876687
285.026;0.026947595539185028
285.365;0.026930719495994564
285.705;0.02693763077055427
286.044;0.026998879574835752
286.384;0.027058067733630908
286.724;0.02706815228960046
287.063;0.027084095052955143
287.403;0.027112403747057246
287.742;0.02712433211826695
288.082;0.027106858762984763
288.421;0.027100152404921436
288.761;0.027141832550253205
289.1;0.027188829802116028
289.44;0.02720020169290374
289.779;0.02720050116125072
290.119;0.02722250953954369
290.458;0.027222869443094152
290.797;0.027187816375236203
291.137;0.027157574404463706
291.476;0.027132806043571774
291.816;0.027095120037010346
292.155;0.027009939866913055
292.494;0.026937361194888577
292.834;0.02691898466906553
293.173;0.026891360257428606
293.512;0.026830824328611808
293.852;0.026783337096712188
294.191;0.02679984814593183
294.53;0.02681266788223942
294.87;0.026799982121463554
295.209;0.02679034541417927
295.548;0.026822581963280162
295.888;0.026856248703889876
296.227;0.02683502392541261
296.566;0.026830224742076945
296.905;0.026812793843066736
297.245;0.026778486575945615
297.584;0.026684481024924708
297.923;0.026590679957172916
298.262;0.026531410676572373
298.601;0.026464103080682033
298.941;0.026383176769100496
299.28;0.026333618169339747
299.619;0.026358406891913138
299.958;0.026362467097841402
300.297;0.02635561744986015
300.636;0.02634287493631256
300.975;0.026349880112881974
301.315;0.026333970383106253
301.654;0.026260720966968625
301.993;0.02618738458045753
302.332;0.02614895916326144
302.671;0.02611003975867635
303.01;0.026071020386899846
303.349;0.026052289264560335
303.688;0.026051977340929486
304.027;0.026037793805191445
304.366;0.02599472321695243
304.705;0.025965028953749802
305.044;0.025995030700003814
305.383;0.026031116148434428
305.722;0.026035984323212052
306.061;0.026059401989798305
306.4;0.026095866945313125
306.739;0.026126557631225417
307.078;0.02610536252881581
307.417;0.026099044992222886
307.755;0.02614632763254657
308.094;0.026190992822041508
308.433;0.026194515609547445
308.772;0.026189465479318493
309.111;0.026195090935355464
309.45;0.02619183902319701
309.789;0.026144257672674052
310.127;0.026090943209138753
310.466;0.026083561124848723
310.805;0.026075215218200727
311.144;0.02602662488137742
311.483;0.025978539795851997
311.821;0.025963310449496072
312.16;0.02594985679339287
312.499;0.025924054210712387
312.838;0.025905501578006092
313.176;0.02594564181702416
313.515;0.025967173537018728
313.854;0.025943280078588614
314.192;0.025922140212655296
314.531;0.025938861810325765
314.87;0.025962039144086718
315.208;0.02596579468294082
315.547;0.025964837792219086
315.886;0.02601175933761734
316.224;0.026049509245200365
316.563;0.02602016925359375
316.902;0.025973017122983662
317.24;0.025945613873865556
317.579;0.025910323289159536
317.917;0.025838197664547504
318.256;0.02578070028346111
318.594;0.025765305985824008
318.933;0.025768796497898698
319.272;0.025736202861224574
319.61;0.025717092989948575
319.949;0.025752447042448934
320.287;0.02577942767836996
320.626;0.02575370405135854
320.964;0.025719542673518933
321.303;0.02572109893416189
321.641;0.025725690276717134
321.979;0.025704164188677006
322.318;0.025693294516596327
322.656;0.025725417126926504
322.995;0.025771300551490822
323.333;0.02576903943008759
323.671;0.025763531811866722
324.01;0.025773820092957672
324.348;0.02577833832841193
324.687;0.025758600277601577
325.025;0.025741788785273608
325.363;0.025762286608400083
325.702;0.02577776311091073
326.04;0.02576118534469227
326.378;0.025756039362930916
326.717;0.02579454471055741
327.055;0.025811314613067935
327.393;0.02578728306344708
327.731;0.02577871371983712
328.07;0.02577727930436246
328.408;0.025769833319050837
328.746;0.02572858965018863
329.084;0.025699327639489733
329.422;0.025712753244127525
329.761;0.02573431821431469
330.099;0.025725005885945132
330.437;0.02573609596239692
330.775;0.025787406966444888
331.113;0.02579676326738185
331.451;0.025754884595655867
331.79;0.025702770821485716
332.128;0.025692863022240317
332.466;0.025702752842554213
332.804;0.025688077593870318
333.142;0.025687898671009842
333.48;0.025737032491437186
333.818;0.025747887433790858
334.156;0.025691076609612784
334.494;0.025639744160815194
334.832;0.02562679445632808
335.17;0.02562889528364324
335.508;0.02561791351400772
335.846;0.025601174695553466
336.184;0.025616108689221425
336.522;0.025621566161386368
336.86;0.025576125170166504
337.198;0.025541813679079543
337.536;0.025561575774003108
337.874;0.02558923960932116
338.212;0.025579015554172253
338.55;0.02557623412682367
338.888;0.02561237686956009
339.226;0.025639539136012
339.564;0.02562702027604
339.901;0.0256189985316931
340.239;0.02565049956920471
340.577;0.02566081200271569
340.915;0.025619850473109863
341.253;0.02556672652126438
341.591;0.025546872040626535
341.928;0.025535588094973628
342.266;0.02548225326975687
342.604;0.02542873161528205
342.942;0.025409160465275565
343.279;0.025399211076212718
343.617;0.025343291508825718
343.955;0.02528558260452715
344.293;0.025274408157065494
344.63;0.02525523893365418
344.968;0.025215881211383653
345.306;0.025191948329272417
345.643;0.025209018783198086
345.981;0.025222888987316654
346.319;0.025204778246420735
346.656;0.025187517714032513
346.994;0.025213590197299133
347.332;0.02524472580761266
347.669;0.0252277293272425
348.007;0.025219931669698454
348.344;0.025259694242848192
348.682;0.025290351570261074
349.02;0.025287197675771343
349.357;0.025287977918075744
349.695;0.02532196232257757
350.032;0.025347794039791625
350.37;0.025331428554933047
350.707;0.025312957152338948
351.045;0.02533561916226809
351.382;0.025373333545215385
351.72;0.025372047401772197
352.057;0.025371940069717276
352.395;0.025407746194868738
352.732;0.025434411116420343
353.07;0.025411210063466628
353.407;0.02536693412866936
353.744;0.025341378377223157
354.082;0.02531370436106438
354.419;0.025250165300846096
354.757;0.025187109289028366
355.094;0.02517236407414116
355.431;0.02518499405690665
355.769;0.025177036863422236
356.106;0.025178716810449375
356.443;0.02521018156517754
356.781;0.02522116528433575
357.118;0.025180434448248572
357.455;0.025121620272889986
357.793;0.025112764999285084
358.13;0.025112644995332657
358.467;0.025096759959511047
358.804;0.025079349097261845
359.142;0.02511120137377862
359.479;0.0251585585291919
359.816;0.02517710141428474
360.153;0.02520540967515958
360.49;0.025260368127859013
360.828;0.02531487873187318
361.165;0.025325519443344265
361.502;0.025338692151566075
361.839;0.025373753559048872
362.176;0.025383949562732364
362.513;0.025356692311202588
362.85;0.025333156698493422
363.187;0.025347897256187524
363.525;0.02536125906811054
363.862;0.025351628750928418
364.199;0.025354676071510936
364.536;0.025421272091618395
364.873;0.025485181561148314
365.21;0.025484838120233933
365.547;0.02547784767339153
365.884;0.025490553579235218
366.221;0.025489318773222944
366.558;0.025445187861252664
366.895;0.025406027149080926
367.232;0.025402262620761076
367.569;0.025415559015367063
367.906;0.025377933119088664
368.243;0.025323920184895248
368.58;0.025303715981547677
368.916;0.025270599439564608
369.253;0.02523076863312062
369.59;0.025222027298286428
369.927;0.025280946098029528
370.264;0.025351979340092676
370.601;0.025398069522369254
370.938;0.025439155604813787
371.275;0.025504267388311106
371.611;0.025549792100699947
371.948;0.02553486438882733
372.285;0.025518500203650544
372.622;0.02554998412868519
372.958;0.025571929689024723
373.295;0.025544209100934953
373.632;0.02551180532610974
373.969;0.02552838330894184
374.305;0.025562639888472946
374.642;0.02555183920783423
374.979;0.025537065399947528
375.316;0.025520349759151954
375.652;0.025501967059840383
375.989;0.02543447523405557
376.326;0.025362395314920006
376.662;0.025331583758600756
376.999;0.025338428857695723
377.336;0.02534274325972177
377.672;0.025350565611219924
378.009;0.025390419162095328
378.345;0.02541656042019028
378.682;0.02542519897185583
379.019;0.025444096236851496
379.355;0.025497542726395827
379.692;0.025561746032318283
380.028;0.02559428378267522
380.365;0.02562531736796782
380.701;0.02568172973136884
381.038;0.0257134128326386
381.374;0.025716346214450406
381.711;0.025718039916443208
382.047;0.025750013171673754
382.384;0.02576766111754376
382.72;0.02574187153168124
383.056;0.025699538621167823
383.393;0.02569967617082448
383.729;0.025700922024132017
384.066;0.025655744868316583
384.402;0.025633172428124486
384.738;0.0256677725568768
385.075;0.02573098875447579
385.411;0.025768636312117444
385.748;0.02580454413736938
386.084;0.025875134837781255
386.42;0.025932799552898785
386.757;0.025931697855963706
387.093;0.025920719877066758
387.429;0.025966755472707933
387.765;0.026035088409227886
388.102;0.026086977988288358
388.438;0.02613822974850783
388.774;0.026215458573688788
389.11;0.026277273822619348
389.447;0.026262818436772476
389.783;0.02622108457125984
390.119;0.026213466811337613
390.455;0.026220921677808172
390.791;0.026197737629024612
391.128;0.026196075769235792
391.464;0.026240521745734602
391.8;0.026300717049614238
392.136;0.026324264142845933
392.472;0.026341330806033028
392.808;0.026408340991405894
393.144;0.026478523483427253
393.48;0.026526333577946173
393.816;0.026577635159301127
394.152;0.02667123066071564
394.489;0.026769741233759223
394.825;0.026840896645911123
395.161;0.026918828274022845
395.497;0.027038073428893267
395.833;0.027170335763397332
396.169;0.027275141345216056
396.505;0.02738542465257436
396.841;0.02754516518451339
397.176;0.02770231187650961
397.512;0.027819758596695898
397.848;0.027934131786050125
398.184;0.028087168342675786
398.52;0.028793664752488665
398.856;0.02873741311640298
399.192;0.02810098222724987
399.528;0.02646834686666387
399.864;0.02547901771192768
400.2;0.025052551174939874
400.535;0.02524226930071289
400.871;0.026095268658460076
401.207;0.02758379064439915
401.543;0.02968221798881228
401.879;0.03090111362146971
402.214;0.031535874094595504
402.55;0.031315843057085326
402.886;0.03167278928992644
403.222;0.03202756559570362
403.557;0.032444251918875594
403.893;0.032895126155057165
404.229;0.03332895950507391
404.565;0.033782108509317565
404.9;0.0342928040659422
405.236;0.03482446186532147
405.572;0.035347794336347826
405.907;0.035920912309915023
406.243;0.036557004740267296
406.579;0.03722749606530726
406.914;0.037901344901651535
407.25;0.03859730468284378
407.585;0.039346859767145914
407.921;0.04012859443116358
408.257;0.04089276931105968
408.592;0.04168492081635921
408.928;0.0425696907872837
409.263;0.043494941405549783
409.599;0.04443269550421996
409.934;0.04543108560720516
410.27;0.04651663832825261
410.605;0.04765201673366974
410.941;0.048800781211736734
411.276;0.04997728252391593
411.612;0.051215032965297044
411.947;0.05246108609890648
412.283;0.05367029628621231
412.618;0.054876232141848724
412.953;0.05615611295999685
413.289;0.05751017539105022
413.624;0.0589161596765953
413.96;0.060426426313729735
414.295;0.06208720595867075
414.63;0.06383389467858257
414.966;0.06560803083679352
415.301;0.06744144483184349
415.636;0.0693491827549553
415.972;0.07132612570107164
416.307;0.0733356255678514
416.642;0.0753827215465351
416.977;0.07751085539282104
417.313;0.0796901570615439
417.648;0.08186743274296163
417.983;0.08408616545766959
418.318;0.08638139061951472
418.654;0.08871546619450299
418.989;0.09104945328282237
419.324;0.09344070976637986
419.659;0.0958828853999241
419.994;0.09834943169173091
420.33;0.10081424973167055
420.665;0.10330395906073854
421.0;0.10584561569640014
421.335;0.10840111708407844
421.67;0.11091962162146725
422.005;0.11343262428089645
422.34;0.1159903566806831
422.675;0.11850874435501713
423.01;0.12097858230758397
423.345;0.12343733484089214
423.681;0.12591593167399745
424.016;0.12838931353389937
424.351;0.13080393125619189
424.686;0.13322238975480283
425.021;0.13567574665913815
425.356;0.13808875255939096
425.691;0.1404284599805183
426.025;0.14274580356038175
426.36;0.14506464903086638
426.695;0.14733279694711035
427.03;0.14951835766674532
427.365;0.15163517366734489
427.7;0.1537510583376314
428.035;0.15581701280747048
428.37;0.15778442226269845
428.705;0.15971232052489726
429.04;0.16164504277269262
429.374;0.1635553809258494
429.709;0.16539829104593612
430.044;0.16719684573402246
430.379;0.168979362240449
430.714;0.170702024067933
431.048;0.17233178691513795
431.383;0.1739131800465043
431.718;0.1755005822566509
432.053;0.17704035004593457
432.387;0.17852221343711625
432.722;0.17998480276388848
433.057;0.18145261096290943
433.392;0.18290617464945477
433.726;0.18429397833620748
434.061;0.18566082703676218
434.396;0.18705477821840621
434.73;0.18844024453575703
435.065;0.18975614181089379
435.4;0.1910445030527557
435.734;0.19235513390895143
436.069;0.193645213113533
436.403;0.19490784802071312
436.738;0.19612012177462387
437.073;0.19731213034844955
437.407;0.19846339162355195
437.742;0.19955512032418354
438.076;0.2006127408256222
438.411;0.20168630831438142
438.745;0.20275438226480588
439.08;0.20379660359480076
439.414;0.2048507161467674
439.749;0.20591692267106568
440.083;0.20696321135523874
440.418;0.20796854295038533
440.752;0.208974111520846
441.086;0.2100038289372095
441.421;0.21101494140867444
441.755;0.21195810814048768
442.09;0.21287625610604968
442.424;0.21381654610051598
442.758;0.2147546320512712
443.093;0.21563804472117418
443.427;0.21650476655254253
443.761;0.21740846281468945
444.096;0.21830883903969048
444.43;0.2191480676189764
444.764;0.21996475343413793
445.099;0.22081080057734884
445.433;0.22167037729974118
445.767;0.22248129675169778
446.101;0.22325989387555492
446.436;0.2240499189931307
446.77;0.2248342965600789
447.104;0.22556499748549824
447.438;0.22628408077196377
447.773;0.22704075161409473
448.107;0.22782414889604888
448.441;0.22859862472893344
448.775;0.229376029719664
449.109;0.23019678873757168
449.443;0.2310207236362529
449.777;0.23182177038037252
450.112;0.23262689693395414
450.446;0.23348926288178584
450.78;0.2343680166256803
451.114;0.235222652607728
451.448;0.2361021044973602
451.782;0.2370379150302124
452.116;0.23798207287770123
452.45;0.23888494048439682
452.784;0.2398018286250721
453.118;0.2407739595238394
453.452;0.2417657186503054
453.786;0.24275568183314405
454.12;0.24376975313852262
454.454;0.2448478361550657
454.788;0.24594348447937797
455.122;0.2470097764577544
455.456;0.24808599962964853
455.79;0.24924371295840964
456.123;0.2504388184573397
456.457;0.2516492963759299
456.791;0.2529302491066387
457.125;0.25429683646284573
457.459;0.25571649004336516
457.793;0.2571358606181738
458.127;0.2586095480361023
458.46;0.26014051253905274
458.794;0.261718068251612
459.128;0.26328803295603254
459.462;0.264919580482956
459.795;0.2666288181137908
460.129;0.268382321606889
460.463;0.27015951775758007
460.797;0.27197849315433964
461.13;0.2738994342198886
461.464;0.275860677443146
461.798;0.2778404116725312
462.131;0.2798715429015765
462.465;0.28200502677966566
462.799;0.28419132387734447
463.132;0.28640340741998815
463.466;0.28866505476111964
463.8;0.29101656567569756
464.133;0.2934180716665058
464.467;0.2958454612534931
464.8;0.29832532148561014
465.134;0.3009050546822126
465.468;0.30355312265655093
465.801;0.3062208057534631
466.135;0.30894314599351186
466.468;0.3117638809183108
466.802;0.31463696431815075
467.135;0.3175145323783319
467.469;0.32045920116838433
467.802;0.32349616328699926
468.136;0.3265853534434755
468.469;0.329697267994607
468.802;0.3328609806055393
469.136;0.33611737027608424
469.469;0.339438494064258
469.803;0.3427711207944673
470.136;0.34615773208248407
470.469;0.34964042873731466
470.803;0.35318372208108584
471.136;0.3567365840071539
471.469;0.36035639990735724
471.803;0.3640546961180034
472.136;0.3677741480073782
472.469;0.3715020189105019
472.803;0.375266903234858
473.136;0.3791091800359944
473.469;0.3830010610340613
473.803;0.3869071003323779
474.136;0.3908507170055193
474.469;0.39486658060690694
474.802;0.3989168728873567
475.135;0.4029548934639893
475.469;0.4070328333337348
475.802;0.4111708481784869
476.135;0.41531838340900273
476.468;0.41946344209585773
476.801;0.42361661209679663
477.134;0.42779106698649594
477.468;0.4319612616275773
477.801;0.4361196670717078
478.134;0.44027340882432986
478.467;0.444442603251963
478.8;0.44861052594095946
479.133;0.4527614597310629
479.466;0.4569484902335059
479.799;0.4611492044357298
480.132;0.46529337024119144
480.465;0.4693377125783828
480.798;0.47330314181109345
481.131;0.47717325996241966
481.464;0.48091699586460407
481.797;0.48455650086093666
482.13;0.4881464923131442
482.463;0.4917038650014962
482.796;0.49520518035619093
483.129;0.4986227607869447
483.462;0.5019925625321561
483.794;0.5053330706410784
484.127;0.5086139223808388
484.46;0.511834338050667
484.793;0.5150383187026606
485.126;0.5182200867097057
485.459;0.521344133573782
485.792;0.5244119676839196
486.124;0.5274547497776135
486.457;0.530458840235957
486.79;0.5334178354184381
487.123;0.5363405146755836
487.455;0.5392494878134372
487.788;0.5421573753920712
488.121;0.5450348165166637
488.454;0.5478838149716224
488.786;0.5507547678680794
489.119;0.5536494404988335
489.452;0.5565159436097441
489.784;0.55939113563499
490.117;0.5622948825357313
490.45;0.5652200933564003
490.782;0.5681310085437764
491.115;0.5710376414962507
491.448;0.5739936022466604
491.78;0.576973587506748
492.113;0.5799546587592823
492.445;0.5829464302920364
492.778;0.5859905647046383
493.11;0.5890665168438826
493.443;0.5921560344118645
493.775;0.595264913122936
494.108;0.598443127258419
494.44;0.6016983286948825
494.773;0.6049688245700985
495.105;0.6082836868163035
495.438;0.6116782189067145
495.77;0.6151399722724833
496.103;0.6186132598809573
496.435;0.6221041085732346
496.768;0.6256544868073921
497.1;0.6292617738833963
497.432;0.6328930438792607
497.765;0.6365611261705998
498.097;0.6403036838029299
498.429;0.6441066488038862
498.762;0.647918607602865
499.094;0.651749108637096
499.426;0.65561731874724
499.759;0.6595322056293778
500.091;0.6634551835722245
500.423;0.6673818868363237
500.756;0.6713664414281852
501.088;0.6754021877782898
501.42;0.6794307878280433
501.752;0.683457801507859
502.085;0.6875387336783242
502.417;0.6916637533297263
502.749;0.6957932235248226
503.081;0.6999201149346237
503.413;0.7040703811215118
503.745;0.708266040861234
504.078;0.7124762959192098
504.41;0.7166867479872845
504.742;0.7209341331129338
505.074;0.7252335821916177
505.406;0.7295334321138289
505.738;0.7338219801114555
506.07;0.7381160907471657
506.402;0.7424235313525948
506.734;0.7467040607467722
507.066;0.7509394828430305
507.398;0.75517288826637
507.73;0.7594220003442048
508.062;0.7636494944898193
508.394;0.7678503204646776
508.726;0.7720736749071606
509.058;0.7763200396742939
509.39;0.7805617976109971
509.722;0.7847715961557425
510.054;0.7889974509693858
510.386;0.793268236974065
510.718;0.7975332627890275
511.05;0.8017804062821696
511.381;0.8060333914117543
511.713;0.8103005270434979
512.045;0.8145451600929458
512.377;0.8187474577408235
512.709;0.8229451883068728
513.041;0.8271720680279188
513.372;0.8313976423269078
513.704;0.8356000556464656
514.036;0.8398138579692878
514.368;0.8440400664046861
514.699;0.8482335262163566
515.031;0.8523617601974518
515.363;0.8564636717231489
515.695;0.8605608980042806
516.026;0.8646127818533955
516.358;0.8686237578930857
516.69;0.8726221741328268
517.021;0.8766206951052598
517.353;0.8805941152148743
517.685;0.8845020818329865
518.016;0.8883768525202194
518.348;0.8922432647372135
518.679;0.8960440562369806
519.011;0.899753078613176
519.343;0.9034234432540544
519.674;0.9070743802514578
520.006;0.9106862869380963
520.337;0.9142437147546176
520.669;0.9177751292233943
521.0;0.9213061267109282
521.332;0.92479124478125
521.663;0.9281815755419511
521.995;0.9315247393340083
522.326;0.9348427341382601
522.658;0.9380838482154386
522.989;0.9412386137085856
523.32;0.9443298344012534
523.652;0.9473791490205704
523.983;0.9503526930576809
524.315;0.9532034878894942
524.646;0.9559742483163579
524.977;0.9587075651273149
525.309;0.9613749798399364
525.64;0.9639294308681107
525.971;0.9664314178578708
526.303;0.9688817443374869
526.634;0.9712561849964437
526.965;0.9735135244339584
527.296;0.975671608905681
527.628;0.9777694108865368
527.959;0.979765609484904
528.29;0.981621914775413
528.621;0.9833728956944537
528.953;0.9850909943391546
529.284;0.9867094380409915
529.615;0.9882100118679108
529.946;0.9896309639388505
530.277;0.990994474515021
530.608;0.9922664652899108
530.939;0.9934050547758166
531.271;0.9944355007721329
531.602;0.9954244394807966
531.933;0.9963376398826848
532.264;0.9971226431381107
532.595;0.997826987708098
532.926;0.9984813774919904
533.257;0.9990151993698656
533.588;0.9994162226861893
533.919;0.9997013337732996
534.25;0.9999065575361169
534.581;1.0
534.912;0.999945832295366
535.243;0.9998011420786156
535.574;0.9996162896365636
535.905;0.9993619316200917
536.236;0.998978095837362
536.567;0.9985006007605032
536.898;0.997944094344881
537.229;0.9972574210067292
537.559;0.9964003302506907
537.89;0.9954201367759068
538.221;0.9943719182808815
538.552;0.9932442274932831
538.883;0.992011547760426
539.214;0.9906869548559315
539.544;0.9893002013120693
539.875;0.9878094987849984
540.206;0.9861791311525313
540.537;0.9844519765416947
540.867;0.9826605755188231
541.198;0.9807895397431537
541.529;0.9787964979635604
541.86;0.9767149352901221
542.19;0.9745750002248288
542.521;0.9723451570719873
542.852;0.9699845803353537
543.182;0.9675385128046737
543.513;0.9650569779325636
543.844;0.9625176834685649
544.174;0.9598858654157121
544.505;0.9571750954845386
544.835;0.9544347182605358
545.166;0.9516615967450772
545.497;0.9488092597325073
545.827;0.9458961518736358
546.158;0.9429512040852248
546.488;0.9400212319886058
546.819;0.9370690721576063
547.149;0.9340900907933986
547.48;0.9311155428604082
547.81;0.928127575171348
548.141;0.9251003666230723
548.471;0.9220144032515731
548.802;0.9188713239555945
549.132;0.9157372577362518
549.462;0.9126106417261869
549.793;0.909470204033457
550.123;0.9063380788888757
550.454;0.9032182962807696
550.784;0.9000602056600562
551.114;0.8968599541200535
551.445;0.8936378425820961
551.775;0.8903762383715753
552.105;0.8871045852380274
552.436;0.8837847663303758
552.766;0.8804553751579957
553.096;0.8771155126660053
553.426;0.8737457525106114
553.757;0.8703394487689537
554.087;0.8669399179940517
554.417;0.8635467328072076
554.747;0.8601221526152255
555.078;0.8566662512833535
555.408;0.8532053020956955
555.738;0.8497444151844568
556.068;0.8462495173335465
556.398;0.8427213877022004
556.728;0.8391841984222875
557.058;0.8356502105835564
557.389;0.8320887013329706
557.719;0.8284920526939943
558.049;0.8249023231276684
558.379;0.8213101226496364
558.709;0.8176952680680726
559.039;0.8140495544918043
559.369;0.810404258113392
559.699;0.8067675132079651
560.029;0.803105615669062
560.359;0.7994195559625178
560.689;0.7957227414974248
561.019;0.7920348664603333
561.349;0.7883174001598212
561.679;0.7845742298358316
562.009;0.780833002969353
562.339;0.7771009660445414
562.669;0.7733303336608323
562.999;0.7695568300634239
563.328;0.7658161635764127
563.658;0.7620874213449522
563.988;0.7583365561465869
564.318;0.7545568536085496
564.648;0.750760112675404
564.978;0.7469739176852653
565.307;0.743145683945926
565.637;0.7392806825335209
565.967;0.7354530744826593
566.297;0.731638563433555
566.626;0.7277877031006158
566.956;0.7238890804364634
567.286;0.7199814136116185
567.616;0.7160517104653222
567.945;0.7120980747618352
568.275;0.7081054372322758
568.605;0.7041230609071033
568.934;0.7001674478460717
569.264;0.6961984692906852
569.594;0.692213243088256
569.923;0.6882332973846544
570.253;0.6842623619417116
570.582;0.680253905660102
570.912;0.6762059693778266
571.242;0.6721515329536658
571.571;0.668085449106177
571.901;0.6640052891633117
572.23;0.6599148624924118
572.56;0.6558449151241731
572.889;0.6517943542428188
573.219;0.6477480708308665
573.548;0.6436915394279586
573.878;0.6396637249275435
574.207;0.6356525462458003
574.537;0.631622766518204
574.866;0.6275990963781134
575.195;0.6236220149565747
575.525;0.6196701998906691
575.854;0.6157165335363528
576.184;0.6117547317155327
576.513;0.6078047994553212
576.842;0.603854115329191
577.172;0.5998630531222743
577.501;0.5958533932270156
577.83;0.5918856388635735
578.16;0.5879300682588137
578.489;0.5839514551622792
578.818;0.5799757144708191
579.147;0.5760270208073583
579.477;0.5720988298408306
579.806;0.5681426794696833
580.135;0.5641814148506721
580.464;0.5602464411697757
580.793;0.5563233267603402
581.123;0.5523524034477608
581.452;0.5483814186169098
581.781;0.5444575768188963
582.11;0.5405526828651617
582.439;0.5366377232008435
582.768;0.5327214378610942
583.097;0.5288392724176738
583.427;0.5249604823561826
583.756;0.5210398690760553
584.085;0.5171010651246015
584.414;0.5132000601437187
584.743;0.5093073846068477
585.072;0.5053869899981823
585.401;0.5015032655864485
585.73;0.4976787750389865
586.059;0.4938899895664164
586.388;0.4900927539960409
586.717;0.48631101691445994
587.046;0.4825834557688307
587.375;0.478888821195029
587.703;0.47518170306927715
588.032;0.47149735623503214
588.361;0.467875719372327
588.69;0.46428641859268677
589.019;0.46069467246174894
589.348;0.4571068819123549
589.677;0.4535813613922127
590.006;0.4500865179113241
590.334;0.4465833168266513
590.663;0.44310637310498063
590.992;0.4396876335746792
591.321;0.436278774225385
591.649;0.4328553213990532
591.978;0.42944959276659017
592.307;0.4261004028915826
592.636;0.4228088904035901
592.964;0.41951547247377907
593.293;0.4162576162206352
593.622;0.4130669323964748
593.95;0.4099116515794957
594.279;0.40673315281369976
594.608;0.40359522209884596
594.936;0.40053630293936904
595.265;0.39749887455991006
595.594;0.3944562036973165
595.922;0.3914103344261316
596.251;0.3884190435590279
596.579;0.38544200554402464
596.908;0.3824472721447659
597.236;0.3794727496638773
597.565;0.3765798664783418
597.893;0.3737059220393125
598.222;0.3708022662246036
598.55;0.3679129444921074
598.879;0.3650616881649501
599.207;0.362229644600544
599.536;0.3594004586031786
599.864;0.3566035487952087
600.193;0.3538900586300377
600.521;0.35121391038067273
600.849;0.3485416116804785
601.178;0.3459083951700142
601.506;0.3433227576273229
601.835;0.3407360536957186
602.163;0.3381116393885193
602.491;0.3355050299637666
602.819;0.3329711090341502
603.148;0.3304840003683544
603.476;0.3280162263104784
603.804;0.32560908143358797
604.133;0.32327561768380475
604.461;0.3209771409347216
604.789;0.3186696826262858
605.117;0.316380162309374
605.446;0.31413588315760604
605.774;0.31193189273350125
606.102;0.3097162041984781
606.43;0.30752586346581395
606.758;0.30538396848037336
607.086;0.3032730060299658
607.414;0.3011585284818363
607.743;0.2990853811397151
608.071;0.2970648861815615
608.399;0.29506827092687227
608.727;0.293083740113515
609.055;0.2911486308917958
609.383;0.2892759613078031
609.711;0.28742351758852125
610.039;0.2855702650339353
610.367;0.2837413821628508
610.695;0.28198476950597795
611.023;0.28025759561652824
611.351;0.27852384956116044
611.679;0.27683676793080914
612.007;0.2752358600772875
612.335;0.27368444822218696
612.663;0.2721060947216191
612.991;0.27053356217089164
613.319;0.2690281762721255
613.646;0.26756430686709176
613.974;0.26613270509521525
614.302;0.26476153755205495
614.63;0.26350741664370175
614.958;0.26236755000381845
615.286;0.26124173693149366
615.613;0.2601230229377481
615.941;0.2590549189863355
616.269;0.2580324593180369
616.597;0.2570263426067792
616.924;0.2560821047205531
617.252;0.2552586132299778
617.58;0.2545178260156798
617.908;0.2538500987888978
618.235;0.2532300487641712
618.563;0.25272649528393176
618.891;0.25228667559956625
619.218;0.2519015101340532
619.546;0.251598313649842
619.873;0.25141550365773097
620.201;0.25130915470378046
620.529;0.25123720258668814
620.856;0.2512380255018781
621.184;0.2513554422210763
621.511;0.2515630543658059
621.839;0.2518183113288528
622.166;0.25216596017966497
622.494;0.2526442051729198
622.821;0.25321878951247245
623.149;0.253845332747448
623.476;0.25455326465580363
623.804;0.25539413224214025
624.131;0.2563212498533051
624.459;0.25730275037474787
624.786;0.2583605210977407
625.114;0.25951901900107893
625.441;0.26073726219347515
625.768;0.26199128757521645
626.096;0.26331005725542744
626.423;0.2647081113158854
626.75;0.2661895702894152
627.078;0.26767875901211524
627.405;0.26921864301461274
627.732;0.27081601508381037
628.06;0.27243316820162444
628.387;0.2740208104196759
628.714;0.2756358032497327
629.041;0.2772264913803781
629.369;0.2787480013481093
629.696;0.28019363654247653
630.023;0.281604041695648
630.35;0.28303078677326954
630.677;0.2844561052335071
631.005;0.28583797738916
631.332;0.2872230148115184
631.659;0.2886281883122369
631.986;0.28997185837934897
632.313;0.2912406170622276
632.64;0.29249757441779206
632.967;0.29379455980651303
633.294;0.29509252526361435
633.621;0.29636752859259863
633.949;0.29762231396326966
634.276;0.29889826064462366
634.603;0.3001494658251761
634.93;0.30133283747193856
635.257;0.30247880622615714
635.584;0.3036332317932036
635.91;0.30476841892878326
636.237;0.305848969716135
636.564;0.30692528397406166
636.891;0.3080383957977358
637.218;0.30916020996579024
637.545;0.31025932768234804
637.872;0.311339854208973
638.199;0.31244324917831884
638.526;0.3135376518659372
638.853;0.314584524865384
639.179;0.3156286839126287
639.506;0.3167212039028599
639.833;0.3178119542680201
640.16;0.3188636643581882
640.487;0.31990698196977735
640.813;0.3209557095068391
641.14;0.321989119210876
641.467;0.3229803470924082
641.794;0.3239645560424053
642.12;0.32500647324686005
642.447;0.32606621374592043
642.774;0.32708414759728754
643.1;0.3281011636566937
643.427;0.32913490272175894
643.754;0.33013194407996116
644.08;0.3310993915753794
644.407;0.3320627514632449
644.733;0.33304938561947184
645.06;0.3340432129729013
645.387;0.3349849177793085
645.713;0.3359151801871906
646.04;0.3368678931900964
646.366;0.33780526897305735
646.693;0.3386988440715309
647.019;0.3396166061399065
647.346;0.34055179564147425
647.672;0.3414608890488895
647.999;0.34233499567221826
648.325;0.343192186503755
648.651;0.34407129950135895
648.978;0.34493642683977827
649.304;0.34577402431841114
649.631;0.3466112462973121
649.957;0.3474970575299682
650.283;0.3483567070345411
650.61;0.34917007075472717
650.936;0.34997834134687833
651.262;0.35079156567619185
651.589;0.3515778533421518
651.915;0.3523017012620786
652.241;0.3530016159749737
652.568;0.35369321943940196
652.894;0.35435316828725316
653.22;0.3549327402640019
653.546;0.3554922665985819
653.873;0.3560617438385203
654.199;0.35660792330751784
654.525;0.35711324597960115
654.851;0.35759671374415003
655.177;0.35810696026071437
655.503;0.3585979204741991
655.83;0.3590523904966807
656.156;0.35950796773974514
656.482;0.35999575434689957
656.808;0.3604659780290347
657.134;0.3608941080504136
657.46;0.3613124403122724
657.786;0.361745245072455
658.112;0.3621594594008525
658.438;0.36249043485052745
658.764;0.36284175562733156
659.09;0.3632305417897124
659.416;0.36362052268458345
659.742;0.3639591959329179
660.068;0.364319333642714
660.394;0.3647009811945278
660.72;0.3650718620740432
661.046;0.36538978990986914
661.372;0.3656755207285821
661.698;0.36603889280483237
662.024;0.3663828164426991
662.349;0.3666977398474418
662.675;0.367001346597873
663.001;0.3673559215612788
663.327;0.3677052079028461
663.653;0.36801979826412873
663.978;0.3683403261133861
664.304;0.36869602865905593
664.63;0.3690583902327105
664.956;0.36936385812747247
665.282;0.3696584918747895
665.607;0.3699650441373961
665.933;0.3702675417177219
666.259;0.3705390144856073
666.584;0.37080071072210846
666.91;0.37110007617761476
667.236;0.37139444695598195
667.561;0.37165612304741535
667.887;0.3719163563837493
668.213;0.3721966969888303
668.538;0.37245720737400023
668.864;0.37267597187160095
669.189;0.37290443708581433
669.515;0.3731571703917354
669.84;0.37342980247578206
670.166;0.373654512367755
670.491;0.3738682247856041
670.817;0.37410385492894094
671.142;0.37433289232806466
671.468;0.37450762349813654
671.793;0.3746710549097605
672.119;0.37487145999401505
672.444;0.3750721493836624
672.77;0.3752426151063893
673.095;0.3753882318879529
673.42;0.3755812124316455
673.746;0.37580561700670334
674.071;0.3760084644096648
674.397;0.3762054692014227
674.722;0.37642768803662147
675.047;0.3766289826447582
675.373;0.3767734756347961
675.698;0.3768748859062317
676.023;0.37698094849696
676.348;0.377081114106463
676.674;0.37712694391915336
676.999;0.3771515655243092
677.324;0.3771906674258797
677.649;0.3772219576983268
677.974;0.3772080039896529
678.3;0.3771817490094008
678.625;0.3771790265009603
678.95;0.37715975893495984
679.275;0.3770703720198118
679.6;0.37693380892994055
679.925;0.37678561217170675
680.25;0.3765955249363039
680.576;0.37633164176856854
680.901;0.37602834141812047
681.226;0.37572769458467103
681.551;0.3754085584780027
681.876;0.37501066836956687
682.201;0.37456040487552217
682.526;0.3741087294938207
682.851;0.3735881291705415
683.176;0.3729893578610867
683.501;0.37232737858535087
683.826;0.37164457266699447
684.151;0.37091042574360183
684.476;0.37010702949971686
684.8;0.369233119236646
685.125;0.36831089406098555
685.45;0.36731750513354827
685.775;0.36622152950603726
686.1;0.3650574092875598
686.425;0.36385746485669246
686.75;0.36258084266572554
687.074;0.3611916303405204
687.399;0.3597295317519326
687.724;0.3582176935828942
688.049;0.3566187130491681
688.373;0.35491222597823924
688.698;0.35314010660125394
689.023;0.3513238634605483
689.348;0.3494326297633268
689.672;0.3474247040278146
689.997;0.34534524402290734
690.322;0.34321931692800284
690.646;0.3410388055804491
690.971;0.33877373260302573
691.296;0.3364262443119108
691.62;0.33403442539105643
691.945;0.33159895849832555
692.269;0.3290749772101585
692.594;0.326510113781282
692.919;0.3239568571606776
693.243;0.3213850170399243
693.568;0.3187725565560364
693.892;0.316142853410385
694.217;0.3135278730601099
694.541;0.31094937174523557
694.866;0.30838324892469954
695.19;0.3058574792743822
695.514;0.3033980380180294
695.839;0.30096933651057667
696.163;0.29853602654809175
696.488;0.29610618576123865
696.812;0.293714920504829
697.136;0.29135827909636447
697.461;0.28901118937433345
697.785;0.2866980178813395
698.11;0.28445202184992
698.434;0.2822235857109289
698.758;0.27997433928364646
699.082;0.2777516737318262
699.407;0.27557899599967944
699.731;0.2734430027609641
700.055;0.27130868936096914
700.379;0.26919696421396144
700.704;0.2671270185296361
701.028;0.2650949532626073
701.352;0.2630506692537944
701.676;0.26102684061183595
702.0;0.25904914764101694
702.325;0.25709420105113695
702.649;0.25511840918986395
702.973;0.25315601000795657
703.297;0.25121456743684933
703.621;0.2492562373420291
703.945;0.2472910816433409
704.269;0.24533947361107233
704.593;0.24341795559511312
704.917;0.24148967392678475
705.241;0.23955298472523
705.565;0.23763566630607152
705.889;0.2357846916604454
706.213;0.23393427641952538
706.537;0.23205905025313464
706.861;0.23018817823737145
707.185;0.22835027438325312
707.509;0.2264903250016038
707.833;0.22458909545169517
708.157;0.22270019457498916
708.481;0.22086323905535402
708.805;0.21904513401216993
709.128;0.2172228054363787
709.452;0.21541706415780568
709.776;0.21365265276032067
710.1;0.21190853741036336
710.424;0.21012979355526792
710.748;0.20836413305527085
711.071;0.20665244639070648
711.395;0.2049697480455164
711.719;0.2032707933887385
712.042;0.201612103740431
712.366;0.1999988646143432
712.69;0.19841833728766606
713.014;0.19682946752015903
713.337;0.19522827167881304
713.661;0.19366707701053298
713.985;0.19211878699110438
714.308;0.19055936433064533
714.632;0.18899824201131857
714.955;0.1874978223049988
715.279;0.18600986828000418
715.603;0.18453202112218337
715.926;0.18308546813585508
716.25;0.1816890353201298
716.573;0.1803191764482306
716.897;0.1789545623339091
717.22;0.1776303978911798
717.544;0.1763456974197077
717.867;0.17508830207137824
718.191;0.17379455581461145
718.514;0.17250700340805347
718.837;0.17129655234955357
719.161;0.17011811516134043
719.484;0.16893764310466325
719.808;0.1677961759066491
720.131;0.16672137307034354
720.454;0.1656545814726237
720.778;0.16455284370587359
721.101;0.16342481630069022
721.424;0.16230727591960564
721.748;0.16120520153527051
722.071;0.16008068240447973
722.394;0.15897695428336703
722.717;0.1579291577516979
723.041;0.15690458155159587
723.364;0.1558650845712574
723.687;0.15484946566978117
724.01;0.15384602294551022
724.334;0.15283044205972648
724.657;0.15179021530805997
724.98;0.1507677048438646
725.303;0.1497782470206307
725.626;0.1487950308109115
725.949;0.14778870723363463
726.272;0.14679217004366213
726.595;0.14584432153310212
726.919;0.1448770905430096
727.242;0.14389571457440564
727.565;0.1429254273825716
727.888;0.1420128499614907
728.211;0.14108656945370873
728.534;0.1401332196067232
728.857;0.13919696187502661
729.18;0.1382854888585512
729.503;0.13737359019628784
729.826;0.13643123977294888
730.148;0.13550184793525596
730.471;0.1346078215222791
730.794;0.13373692078071187
731.117;0.1328224110577219
731.44;0.1319135124942692
731.763;0.13104548816512837
732.086;0.13017668879241034
732.409;0.1292923317953763
732.731;0.12841257848787455
733.054;0.12757783586861163
733.377;0.12675359662777674
733.7;0.12589714434042013
734.022;0.1250337636660268
734.345;0.12417955874510775
734.668;0.12331282413353509
734.991;0.12240422233075891
735.313;0.121493472912123
735.636;0.12062192698685123
735.959;0.1197662015465386
736.281;0.11889911472119939
736.604;0.11804682260696245
736.927;0.11724056977079841
737.249;0.11643700370182557
737.572;0.11560042495710646
737.894;0.11476562894258312
738.217;0.11397621348407615
738.54;0.11316201829246156
738.862;0.11228825987554704
739.185;0.11140219953721353
739.507;0.11053977044650795
739.83;0.10966181243279266
740.152;0.10875473948903498
740.475;0.10785971253768943
740.797;0.10705119511430408
741.119;0.1062798808656932
741.442;0.1054694258333648
741.764;0.1046707629222712
742.087;0.10390599928652187
742.409;0.10313037161064632
742.731;0.10228657692429333
743.054;0.10142458279376189
743.376;0.10058687332588091
743.698;0.0997442135866556
744.021;0.09886779645401536
744.343;0.09800496944406682
744.665;0.09719441087042205
744.988;0.09639226372904913
745.31;0.09557021293574379
745.632;0.0947479602585329
745.954;0.09397037374557832
746.277;0.09319622554081297
746.599;0.09238281470716178
746.921;0.09158677693668092
747.243;0.09082514878326255
747.565;0.09004253261006728
747.887;0.08923205450838702
748.21;0.08841973681543243
748.532;0.08764740047539643
748.854;0.08687493135120368
749.176;0.0860716420061464
749.498;0.08526958670895367
749.82;0.08452400161100186
750.142;0.08378223638615301
750.464;0.08300216563975367
750.786;0.08223962965860133
751.108;0.08153923157238523
751.43;0.08086208522671286
751.752;0.08015394157853133
752.074;0.07944775741726974
752.396;0.07877757888231517
752.718;0.07810766981471948
753.04;0.07739401995630568
753.361;0.07666784084046553
753.683;0.07596324153284638
754.005;0.0752803044549354
754.327;0.07455754122777354
754.649;0.07384173054006839
754.971;0.07316503864979708
755.293;0.07250231736406303
755.614;0.0718122324695056
755.936;0.0711220902806424
756.258;0.0704891061476102
756.58;0.06988091799370809
756.901;0.06925094598154313
757.223;0.06862062803740701
757.545;0.06803546981168891
757.866;0.06742689619382772
758.188;0.06677851873791976
758.51;0.06612385450455471
758.831;0.06550410102389104
759.153;0.06489935832642804
759.475;0.0642521379122383
759.796;0.06363059043746995
760.118;0.06306153873501275
760.439;0.06252024195390604
760.761;0.06194543233617556
761.082;0.06137735831934879
761.404;0.060863239725796
761.726;0.06036064703532367
762.047;0.059811945208881896
762.368;0.05924309744815971
762.69;0.05874253366927652
763.011;0.05823735407049762
763.333;0.057704368212937264
763.654;0.05718014134422217
763.976;0.05668396713229551
764.297;0.056196401579353114
764.618;0.055661227165956444
764.94;0.05511751546776742
765.261;0.054610460861385275
765.583;0.054137504814889305
765.904;0.053613152418574145
766.225;0.05309264220656611
766.546;0.05261585220708105
766.868;0.052150151850820524
767.189;0.051640381234406826
767.51;0.0511257597723061
767.831;0.05064035331574601
768.153;0.05018211703203543
768.474;0.049718748846449605
768.795;0.049259707951400965
769.116;0.04885132247924141
769.437;0.04845093449070194
769.759;0.048017501226064484
770.08;0.047597730324765185
770.401;0.04722483558830813
770.722;0.04685627301619499
771.043;0.04648955880820827
771.364;0.04612542522673278
771.685;0.04581612099623174
772.006;0.04550017333392762
772.327;0.045146054558832
772.648;0.044775469681845495
772.969;0.04447399538431974
773.29;0.04418133942777455
773.611;0.04387200010586503
773.932;0.04357085679396979
774.253;0.043283611521044915
774.574;0.042998899977779816
774.895;0.0426638864167671
775.216;0.04233194714473416
775.537;0.04203582417869339
775.858;0.04175154434639795
776.178;0.04143256311847697
776.499;0.04112187700130716
776.82;0.0408307378817238
777.141;0.040533280250786174
777.462;0.040205011171836114
777.782;0.039882543330885825
778.103;0.03961939264214887
778.424;0.03938606477680546
778.745;0.039124041886946306
779.065;0.03889658771686275
779.386;0.03873307864925168
779.707;0.03857462404414219
780.027;0.03838603859105371
780.348;0.03817973890832367
780.669;0.037998677638068155
780.989;0.03780863220909638
781.31;0.03757647838964131
781.631;0.0373245526193424
781.951;0.03711246426220327
782.272;0.03690968238486561
782.592;0.03668467486576155
782.913;0.03647930001493562
783.233;0.03633403479729766
783.554;0.03616765906487359
783.874;0.03594942494575213
784.195;0.035717661572369705
784.515;0.03549499174758799
784.836;0.03526023455719028
785.156;0.035008806673325746
785.477;0.03477525168858862
785.797;0.03461156543102612
786.117;0.03448630329097792
786.438;0.03431204780444307
786.758;0.03415068158719186
787.079;0.034018543805526505
787.399;0.033874448951345136
787.719;0.03369634781468505
788.039;0.03351194257147726
788.36;0.03333821410591037
788.68;0.033169343417666745
789.0;0.03296947369400491
789.321;0.03276627754309503
789.641;0.03259940229963433
789.961;0.0324317559116418
790.281;0.03225141780599852
790.601;0.03207949622304744
790.922;0.031952886312977595
791.242;0.03184257874489244
791.562;0.03170761296394751
791.882;0.031569797305746106
792.202;0.03146162500654368
792.522;0.03132686110950427
792.842;0.031157186784683932
793.162;0.03095956875973232
793.482;0.03080377406172357
793.802;0.030692685384879494
794.122;0.030585800637108872
794.442;0.030497355449728362
794.762;0.030453014747454963
795.082;0.030421331104651124
795.402;0.030334884936178474
795.722;0.0302290111242309
796.042;0.030117161700309356
796.362;0.03002704956271966
796.682;0.029904699576347275
797.002;0.029790032658907332
797.322;0.02971149072188594
797.642;0.0296303653423761
797.962;0.029511954258297758
798.281;0.02939282986552748
798.601;0.029300493214238454
798.921;0.0292156967751912
799.241;0.029110826642509982
799.561;0.02899565544853349
799.88;0.028938427426499155
800.2;0.02887869827515674
800.52;0.028779196803051115
800.839;0.028662950880536796
801.159;0.02857963391259977
801.479;0.028490927597485234
801.799;0.028364840484417522
802.118;0.028254377496051024
802.438;0.028161599169565257
802.757;0.028086601464799424
803.077;0.027982196076666813
803.397;0.02788171345311262
803.716;0.027832363993814082
804.036;0.027788029140108767
804.355;0.027716037707642093
804.675;0.027651125858527605
804.994;0.027621346899394657
805.314;0.027543508306838112
805.633;0.02742229120976389
805.953;0.027286140768862613
806.272;0.02718296022251518
806.592;0.027094939706161256
806.911;0.026984246024276112
807.231;0.026901288526662282
807.55;0.02687334038595153
807.869;0.026850418223049705
808.189;0.026790315954725245
808.508;0.026731391306414064
808.827;0.026699761600404725
809.147;0.026666302267348164
809.466;0.02659373388447123
809.785;0.02652155692242829
810.105;0.026486319732982686
810.424;0.026440112579344543
810.743;0.026349525408058693
811.062;0.0262621222405575
811.382;0.026191368863307585
811.701;0.026120959468506143
812.02;0.026025584269486708
812.339;0.02593617645112321
812.658;0.02589277682677637
812.977;0.025869223343442514
813.296;0.025822125582854197
813.616;0.025774743300259542
813.935;0.025769486087397882
814.254;0.025743248219622823
814.573;0.025688948705593562
814.892;0.025636028912096744
815.211;0.02560196078642594
815.53;0.02554935540761675
815.849;0.025457063270429205
816.168;0.025355756865230478
816.487;0.025288040844335988
816.806;0.025224558861809878
817.125;0.025124418596101906
817.444;0.02503595802915349
817.763;0.024992473167342242
818.082;0.024949931008059797
818.4;0.024868479300112545
818.719;0.02478566346781439
819.038;0.024734405534106392
819.357;0.024692420938314093
819.676;0.024621003098746378
819.995;0.02455266604656741
820.313;0.024532160858577425
820.632;0.02451439518319813
820.951;0.02445196215218758
821.27;0.024376460387498838
821.588;0.024319019001036453
821.907;0.02425220636729646
822.226;0.024151480919860187
822.545;0.024058323952744747
822.863;0.023999830907096398
823.182;0.02396905714985603
823.501;0.023908908092986937
823.819;0.023866872701297812
824.138;0.02384208625316756
824.456;0.02380753854491432
824.775;0.023714573172556857
825.093;0.02362092785000686
825.412;0.023557574860898923
825.731;0.023483010924932247
826.049;0.023390833701276762
826.368;0.023303741266031446
826.686;0.023282516270940544
827.005;0.023238454891946307
827.323;0.023174598817676802
827.641;0.02311105704978811
827.96;0.02309480485385935
828.278;0.023089757647914433
828.597;0.02305716411954712
828.915;0.02302773910708974
829.233;0.023032101705649025
829.552;0.023035772440265983
829.87;0.02298107056641429
830.188;0.02293297692465038
830.507;0.0229144783370454
830.825;0.02288726863220797
831.143;0.022836004958238707
831.462;0.022788266996059427
831.78;0.022782391567890508
832.098;0.02279705620250641
832.416;0.02277549913871683
832.735;0.02276635176162845
833.053;0.02279050699763349
833.371;0.022796950061826467
833.689;0.022774369823543604
834.007;0.022772466439554506
834.325;0.0227736368030111
834.643;0.02276476734121326
834.961;0.022724933610485235
835.28;0.022665837729097537
835.598;0.022640825569562185
835.916;0.022606114209709566
836.234;0.022548675205997137
836.552;0.022525160388196696
836.87;0.02255758084227161
837.188;0.022563546056791214
837.506;0.022525566430450884
837.824;0.022481087745293563
838.142;0.022453993387215456
838.46;0.022424766684538657
838.777;0.022376483722459914
839.095;0.022352881067831478
839.413;0.022369917621723655
839.731;0.022390273129693553
840.049;0.022366699501291876
840.367;0.022333423964902524
840.685;0.02233177965081794
841.002;0.022321412847285196
841.32;0.022282025665560642
841.638;0.022252360428584774
841.956;0.02226091807505857
842.273;0.022270065993681035
842.591;0.02223637759170807
842.909;0.022196908854950865
843.227;0.02216301066267479
843.544;0.0221111429615912
843.862;0.02200623546305837
844.18;0.021895730343340344
844.497;0.02183934754770017
844.815;0.021793400005500615
845.132;0.021739465593748997
845.45;0.021695974450142406
845.768;0.021697663928169377
846.085;0.021689148304740287
846.403;0.021648461549527334
846.72;0.021599717417024922
847.038;0.021574259899861073
847.355;0.021564023389428297
847.673;0.021514886428103282
847.99;0.021481274382435783
848.308;0.021479165215495775
848.625;0.021478859140433
848.943;0.021457941086859406
849.26;0.021430349058960546
849.577;0.0214338413039443
849.895;0.021429147503140865
850.212;0.021383111041045157
850.529;0.02133812667136268
850.847;0.02133303256856632
851.164;0.021320054812613794
851.481;0.02127688339072883
851.799;0.02123212689858778
852.116;0.021220639552733928
852.433;0.021231372866532924
852.75;0.02120928564087771
853.068;0.021187287443425473
853.385;0.02120916314586851
853.702;0.021241955850470944
854.019;0.021238152006776784
854.336;0.021209847753254144
854.653;0.021190021215774898
854.971;0.021161867292113237
855.288;0.021098762542228186
855.605;0.02103471573965524
855.922;0.021009092079835236
856.239;0.02099967826797883
856.556;0.020985319058584806
856.873;0.020985662824419642
857.19;0.021037198348497738
857.507;0.02107061089300967
857.824;0.02104370087313285
858.141;0.02098893379857776
858.458;0.020962393321558047
858.775;0.020935081050165606
859.092;0.020863053009995032
859.409;0.020796598980123704
859.726;0.020790992477779578
860.043;0.020808670099717246
860.359;0.02079185221728712
860.676;0.02078195882284828
860.993;0.02079120064348045
861.31;0.02079596354403266
861.627;0.020756321408062613
861.944;0.020705036072730096
862.26;0.020691100884521762
862.577;0.02068435228680009
862.894;0.02064237559740538
863.211;0.02062132790057271
863.527;0.020655215695394427
863.844;0.020671435182664677
864.161;0.02064439855211964
864.477;0.020609891242308866
864.794;0.020599906328610286
865.111;0.02061315192731944
865.427;0.020608141329078424
865.744;0.020619912763711352
866.06;0.020673494528469203
866.377;0.020747852789791785
866.693;0.02076470879622124
867.01;0.02075424754914471
867.327;0.020761994627405557
867.643;0.020736649424410183
867.96;0.020701749285776803
868.276;0.02067897355369058
868.593;0.02069190148850762
868.909;0.02070538254623534
869.225;0.020701161396378103
869.542;0.02067854400885726
869.858;0.020683694322891258
870.175;0.02067506291947558
870.491;0.020618352062488923
870.807;0.02057608142839486
871.124;0.020572644419887407
871.44;0.020566276628931734
871.756;0.02054240082451267
872.073;0.020527499972730484
872.389;0.020543025429922084
872.705;0.020563767918146514
873.021;0.020534171780919423
873.338;0.020509104926441857
873.654;0.02051633743901862
873.97;0.020524657568644345
874.286;0.020495131397620565
874.602;0.02047831708931537
874.918;0.020495137787722724
875.235;0.020530358839452704
875.551;0.02053959307860773
875.867;0.020555636458994726
876.183;0.02059608667212095
876.499;0.020624733933330714
876.815;0.020595311845157366
877.131;0.020541164285591332
877.447;0.020510565118938784
877.763;0.020469487484425918
878.079;0.02039877840466386
878.395;0.020332518135686834
878.711;0.02031265444896961
879.027;0.020290993085715966
879.343;0.02023821311631895
879.659;0.02017660679123697
879.975;0.02016213136862909
880.291;0.020166976474054847
880.607;0.020147611865146988
880.922;0.020140571272248657
881.238;0.02018522259847111
881.554;0.02023555353413867
881.87;0.020248426449093044
882.186;0.020244305807961303
882.501;0.02026977458903404
882.817;0.02030339876506496
883.133;0.020297853564378843
883.449;0.02029184535205318
883.764;0.02031010913048049
884.08;0.020332250617850656
884.396;0.020313253710584026
884.711;0.0202883522406149
885.027;0.020301118906582514
885.343;0.020324765100551093
885.658;0.02031845037993539
885.974;0.02030123143736462
886.29;0.020323003923411753
886.605;0.02035631097708464
886.921;0.020363956030324565
887.236;0.020370666720660544
887.552;0.02041126174000012
887.867;0.020451898024236696
888.183;0.020451652492684214
888.498;0.020446648284545357
888.814;0.02046580678558186
889.129;0.020483770120900843
889.445;0.02048208313393065
889.76;0.020474268255602817
890.075;0.020516841065714265
890.391;0.02055329573208154
890.706;0.02054871814449196
891.021;0.020531572525635804
891.337;0.02055185969200464
891.652;0.02054881280464938
891.967;0.020497046911973082
892.283;0.020448150500086998
892.598;0.020446579942944288
892.913;0.02046278101805577
893.229;0.02045051570434066
893.544;0.020455465650764566
893.859;0.020492631892914726
894.174;0.0205374265090551
894.489;0.02053718314363895
894.804;0.020516255667372335
895.12;0.020528803120343823
895.435;0.020531115037643887
895.75;0.020471938034450805
896.065;0.02041224191668735
896.38;0.020377039710343398
896.695;0.020341200876533426
897.01;0.0202950337964173
897.325;0.020254383865521877
897.64;0.020248493057785047
897.955;0.020258154567330256
898.27;0.0202406042059017
898.585;0.020212471726989662
898.9;0.020240187657886335
899.215;0.020275450840967844
899.53;0.020275124079303163
899.845;0.020269602489502988
900.16;0.020278361478348234
900.475;0.020277100678700054
900.79;0.020227509261973975
901.104;0.020178189478743096
901.419;0.02016087966675348
901.734;0.0201659242733348
902.049;0.02015561270627835
902.364;0.020139409140110098
902.678;0.0201555005004167
902.993;0.020187262990582787
903.308;0.02018487460867044
903.623;0.020175272559567362
903.937;0.020200364866146753
904.252;0.020228456296775426
904.567;0.02022049325472294
904.881;0.020208040786829317
905.196;0.020225909028763617
905.511;0.02024723724025042
905.825;0.020241979594161495
906.14;0.020231509790846477
906.454;0.020250101630620264
906.769;0.020266191582938256
907.084;0.020239679915531668
907.398;0.020215975885723207
907.713;0.02024340112112501
908.027;0.02027419632311501
908.342;0.020252766303220912
908.656;0.02025137531877958
908.97;0.020298288091325712
909.285;0.020350326050724475
909.599;0.020369217575458877
909.914;0.020379338305905062
910.228;0.020434289935275074
910.542;0.020508695743289996
910.857;0.02052733307192662
911.171;0.02052292736725446
911.485;0.02056289583166192
911.8;0.02061694201604793
912.114;0.020639046245873295
912.428;0.02064361148648582
912.743;0.020673026534716105
913.057;0.02068984755804391
913.371;0.020672405936658887
913.685;0.02065735172242487
913.999;0.020671738550057044
914.314;0.02067437419643093
914.628;0.02065813532224057
914.942;0.020644427036812317
915.256;0.02066234542480255
915.57;0.02067988917951531
915.884;0.020654860015809805
916.198;0.02063156484423275
916.512;0.020658004812526966
916.827;0.02068108640306234
917.141;0.02066204010788749
917.455;0.02064891158884672
917.769;0.02069196473968832
918.083;0.020752912342713755
918.397;0.02077662308754483
918.711;0.020797082894978794
919.024;0.020836948901138064
919.338;0.020869171045432393
919.652;0.02084919645253531
919.966;0.020805774733597952
920.28;0.02079426085257411
920.594;0.020791917093070066
920.908;0.02077028908831583
921.222;0.02074587499901991
921.535;0.02077549366406478
921.849;0.020803240354097273
922.163;0.02079573068437768
922.477;0.020796590098964774
922.79;0.02082981234840052
923.104;0.02085640221332845
923.418;0.020844775909829322
923.732;0.020813781531604212
924.045;0.020795124166206578
924.359;0.020787596734169123
924.673;0.02073841807471984
924.986;0.02070040660617553
925.3;0.020729707932248737
925.614;0.020764477344554874
925.927;0.020779539248572853
926.241;0.02080590740944788
926.554;0.020853872166100428
926.868;0.02089286749376372
927.181;0.020898873215032608
927.495;0.020904431629150313
927.808;0.020951183999301553
928.122;0.021019763550442144
928.435;0.021015314306429844
928.749;0.020995618711891467
929.062;0.020984692287039065
929.376;0.02095602758843188
929.689;0.0208777639999283
930.002;0.020806650502514294
930.316;0.020797582189401788
930.629;0.02080337779544712
930.942;0.020802890631387544
931.256;0.02077930649722469
931.569;0.020779423901813525
931.882;0.020767856408915628
932.195;0.020729159358224336
932.509;0.02070239587746993
932.822;0.020725364937223194
933.135;0.020757795030604757
933.448;0.020765478532764458
933.762;0.020789637884428516
934.075;0.02082705377379017
934.388;0.020861459600114096
934.701;0.0208633390482968
935.014;0.020867121988775418
935.327;0.020908489777249066
935.64;0.020944752307324278
935.953;0.02093152977796699
936.266;0.020919032254437798
936.58;0.020936081480227478
936.893;0.020925551999856698
937.206;0.020883076016038987
937.519;0.020846821717281812
937.832;0.020831173331853747
938.144;0.020817810328555758
938.457;0.020774329149176266
938.77;0.020745336605836242
939.083;0.02075659715721683
939.396;0.020788751934671442
939.709;0.020791845069037244
940.022;0.020805333275014843
940.335;0.020863997770353342
940.648;0.020914192456046036
940.96;0.020908692635915938
941.273;0.02090640844516084
941.586;0.020946988084932505
941.899;0.02098373084743105
942.211;0.020983728681294726
942.524;0.020987454110853905
942.837;0.021026242355884493
943.15;0.021070412041695002
943.462;0.02105730041851757
943.775;0.02102035284782946
944.088;0.02102057076114379
944.4;0.021005073030497153
944.713;0.020966018892232628
945.025;0.020941366852861364
945.338;0.020977965350680645
945.651;0.02103002118070409
945.963;0.021041002300498712
946.276;0.021038730348413852
946.588;0.02104847807018481
946.901;0.021061774681404424
947.213;0.02102236789614613
947.526;0.020992718255351806
947.838;0.021009979329274103
948.151;0.021032795893030067
948.463;0.021014163546506995
948.775;0.02098948053138628
949.088;0.021010856614485877
949.4;0.02101645271937564
949.713;0.021004158162820138
950.025;0.02098860227141316
950.337;0.021011002070540127
950.65;0.02102899475700632
950.962;0.02102351031644413
951.274;0.021019826693316028
951.586;0.021067805313241057
951.899;0.021117393264149017
952.211;0.02113437003267861
952.523;0.02114451480723801
952.835;0.021187292208925387
953.147;0.021223022519305457
953.46;0.02120474596067383
953.772;0.021198785728267774
954.084;0.0212367926479258
954.396;0.021268645357669837
954.708;0.021270744452075933
955.02;0.021277402938526473
955.332;0.02130090400136125
955.644;0.021307276016282756
955.956;0.021253037370684243
956.268;0.02118385346750887
956.58;0.021159863399398644
956.892;0.021149560496887494
957.204;0.02111007973807369
957.516;0.02108603259227129
957.828;0.021119424883408577
958.14;0.0211636625858997
958.452;0.021176216320666536
958.764;0.02119226035089443
959.076;0.02125539640144938
959.388;0.021324792910905086
959.699;0.021348663299983337
960.011;0.02135726405257001
960.323;0.02138922907648252
960.635;0.021425112207780345
960.947;0.021423097159463673
961.258;0.02140897178448597
961.57;0.021432920479392385
961.882;0.021446841479407792
962.194;0.021403464274571914
962.505;0.02135529167713895
962.817;0.021338216132792916
963.129;0.021338867814906407
963.44;0.02132117827921895
963.752;0.02132360857586919
964.063;0.02136925773278992
964.375;0.02141328261238708
964.687;0.021417452424813407
964.998;0.02140791481826601
965.31;0.02142501711439566
965.621;0.021430222556599144
965.933;0.021395416536589107
966.244;0.021357693814016962
966.556;0.021358173504906215
966.867;0.021355177413447786
967.179;0.021310077913619614
967.49;0.02127580032256615
967.801;0.021274486344271183
968.113;0.021269238879022986
968.424;0.02123614692268721
968.736;0.021206347060338724
969.047;0.021216714838632814
969.358;0.021235067970183548
969.67;0.02121429060716428
969.981;0.021202033957994474
970.292;0.021224783804751613
970.603;0.02123758112154823
970.915;0.021215939036907886
971.226;0.021223090319372445
971.537;0.0212539991352127
971.848;0.021269488526234486
972.16;0.021239731661692057
972.471;0.02119597722421512
972.782;0.021189379281274876
973.093;0.02117910822096771
973.404;0.02113050499563326
973.715;0.021085602722517513
974.026;0.021100272014326515
974.337;0.02109713826490461
974.648;0.021035181134044744
974.959;0.020965699387124632
975.27;0.02094242490214949
975.581;0.020936779517658325
975.892;0.02092653455929388
976.203;0.020918927088519203
976.514;0.020949669220169224
976.825;0.02098740526447977
977.136;0.020990256008190763
977.447;0.0209754218734074
977.758;0.020987389668298224
978.069;0.021003951188494248
978.38;0.020992252102814586
978.691;0.020985858643143458
979.001;0.02100546239350164
979.312;0.021021524294354214
979.623;0.020997317612611453
979.934;0.020979908158350866
980.244;0.02100148179308333
980.555;0.02101569327197997
980.866;0.020993204552956852
981.177;0.02097769090120822
981.487;0.020995103821286932
981.798;0.021028540409912075
982.109;0.02102499195369068
982.419;0.021018014178745777
982.73;0.021058819963149813
983.04;0.021099998323001808
983.351;0.021104219797779496
983.662;0.021092276913456415
983.972;0.021106855769073833
984.283;0.021100737950250106
984.593;0.021057664004499783
984.904;0.021009810587254357
985.214;0.020993427231771094
985.525;0.02098520436166638
985.835;0.020956179326281472
986.146;0.020943651910070995
986.456;0.020969618685884935
986.766;0.020999015863490535
987.077;0.020981342465518703
987.387;0.020958905950381027
987.698;0.020949477408797615
988.008;0.02095036844897505
988.318;0.020928545058724272
988.628;0.020910992206238942
988.939;0.020933113548541278
989.249;0.02095455418250337
989.559;0.020939653330721186
989.87;0.020906991352445996
990.18;0.020897938202287764
990.49;0.020870111690131685
990.8;0.020824167722057068
991.11;0.0207820900907096
991.42;0.020780291114491384
991.731;0.020799322463325588
992.041;0.020785211709768082
992.351;0.020783187130451578
992.661;0.02080095702979671
992.971;0.02082953345834863
993.281;0.020821633125942762
993.591;0.020804545126312857
993.901;0.020808713205830123
994.211;0.02082483272590896
994.521;0.020821650779953814
994.831;0.020807959931922977
995.141;0.020823998438503244
995.451;0.020820350773238145
995.761;0.020794484831070152
996.071;0.020760853940016623
996.381;0.020749208899438275
996.691;0.020726848090765172
997.0;0.02067234322701227
997.31;0.020623632886236528
997.62;0.020594862805097123
997.93;0.02058280262449202
998.24;0.020546031377300794
998.549;0.020527316825904175
998.859;0.020557289004397346
999.169;0.020582649370347
999.479;0.02057947294803949
999.788;0.020573007897562806
1000.098;0.02059993546314386
1000.408;0.020626384420903827
1000.717;0.020628700887090172
1001.027;0.020613812598898676
1001.337;0.02061108759940137
1001.646;0.020613408614473992
1001.956;0.020555365367033607
1002.265;0.02050038027085737
1002.575;0.020484915248869248
1002.884;0.020473329668733033
1003.194;0.020442389335609244
1003.503;0.020430157272086726
1003.813;0.020454434786487327
1004.122;0.02046422442299618
1004.432;0.020443064628608672
1004.741;0.020413993779440486
1005.051;0.02041317703773901
1005.36;0.020421066972690513
1005.67;0.02038466147761783
1005.979;0.02036849105333535
1006.288;0.02039859125048535
1006.598;0.020434133540232383
1006.907;0.020432140044972145
1007.216;0.020407596637337603
1007.525;0.020411292390829124
1007.835;0.020392354510777356
1008.144;0.020333638678007946
1008.453;0.020279450395078995
1008.762;0.020275182240063496
1009.072;0.0202871505764884
1009.381;0.020269069295046502
1009.69;0.020251319324155567
1009.999;0.020255777557633615
1010.308;0.02026406530352128
1010.617;0.020225017663665724
1010.926;0.02018912608443623
1011.236;0.020194776992575027
1011.545;0.020204311891452015
1011.854;0.020202389770383706
1012.163;0.020182856094535646
1012.472;0.02018983062027606
1012.781;0.02020425373069168
1013.09;0.020205680239768747
1013.399;0.02020925988835323
1013.708;0.020260073872421347
1014.017;0.020295166363960414
1014.325;0.020297501892146422
1014.634;0.02028771225563757
1014.943;0.020292304139726894
1015.252;0.02028233796310752
1015.561;0.020219454267434475
1015.87;0.020165676900566445
1016.179;0.020152126418169495
1016.487;0.020137821253876788
1016.796;0.020089339440483377
1017.105;0.02004897782233286
1017.414;0.02004678363454208
1017.722;0.020053791193861453
1018.031;0.020050833334709167
1018.34;0.020055015927339815
1018.649;0.020116770957680528
1018.957;0.020174708822588688
1019.266;0.02018023182037747
1019.574;0.020177755601637128
1019.883;0.020196660231496296
1020.192;0.020199440467469902
1020.5;0.020143808129759647
1020.809;0.020100595659591318
1021.117;0.02010611649124377
1021.426;0.02011155663431811
1021.734;0.02007596116592429
1022.043;0.020051378984449527
1022.351;0.020075160886858887
1022.66;0.020096656648990456
1022.968;0.020066166222381443
1023.277;0.020022489657505405
1023.585;0.02002106910530323
1023.893;0.02003077956952939
1024.202;0.020004000925820702
1024.51;0.01999099035290285
1024.819;0.020030643102940893
1025.127;0.020082208844620728
1025.435;0.020077588367531908
1025.743;0.020051033702319265
1026.052;0.020054476342781166
1026.36;0.020064175543098434
1026.668;0.0200437066378919
1026.976;0.0200149432717751
1027.285;0.02003598165422157
1027.593;0.020075206484028538
1027.901;0.020078034375001302
1028.209;0.020060034107057968
1028.517;0.020063616788233304
1028.825;0.02007347714909318
1029.134;0.020048871031812018
1029.442;0.020023739409858323
1029.75;0.02003725165994913
1030.058;0.020074234322045713
1030.366;0.02008809986897119
1030.674;0.020094338666508685
1030.982;0.020123358611473227
1031.29;0.02014515492501994
1031.598;0.020137645255300353
1031.906;0.020115523371463936
1032.214;0.020133232835605586
1032.522;0.020152117428703747
1032.829;0.020133551907486315
1033.137;0.020107911893337053
1033.445;0.020105022267479015
1033.753;0.020090657534437364
1034.061;0.02004368031933555
1034.369;0.020002658896060326
1034.676;0.01999390651393087
1034.984;0.01999547728768721
1035.292;0.019948141577023546
1035.6;0.019891089120338382
1035.907;0.019873303299891263
1036.215;0.01986365532869809
1036.523;0.019821720012507194
1036.831;0.01979042313334425
1037.138;0.019806161413429817
1037.446;0.019831682615001633
1037.753;0.01982122223437963
1038.061;0.019788094753408116
1038.369;0.019792559052067872
1038.676;0.01979645896390806
1038.984;0.01976353629112611
1039.291;0.01972328677053043
1039.599;0.01971054978063047
1039.906;0.01971087513430654
1040.214;0.01969250889763104
1040.521;0.01968338209883775
1040.829;0.019719066703741354
1041.136;0.019770254346325598
1041.444;0.019778847517435135
1041.751;0.019781996754731766
1042.058;0.01980244183243872
1042.366;0.019794659121235316
1042.673;0.019743149915713576
1042.98;0.019693121805904303
1043.288;0.01968375185830849
1043.595;0.019685664773297418
1043.902;0.019648776013210544
1044.21;0.01963163147742255
1044.517;0.019662558380501124
1044.824;0.01969724623777461
1045.131;0.019684021325667364
1045.439;0.019663304506158396
1045.746;0.01967298410294192
1046.053;0.019678452080868037
1046.36;0.019645486843507292
1046.667;0.01960336643096739
1046.974;0.01960850439802434
1047.281;0.01961483005762849
1047.588;0.019587994986068526
1047.896;0.019553203695785504
1048.203;0.0195573360340534
1048.51;0.01957289950693751
1048.817;0.019562638735777894
1049.124;0.019555293475805396
1049.431;0.019592277654197406
1049.738;0.019648769406494748
1050.044;0.01964622917842599
1050.351;0.0196308915252538
1050.658;0.019632361573671007
1050.965;0.019616935433829925
1051.272;0.01957885324093459
1051.579;0.01954380753794015
1051.886;0.019558749329698883
1052.193;0.019590351742390523
1052.499;0.019610410489683847
1052.806;0.01960506468184648
1053.113;0.019639322344445754
1053.42;0.01965994233766098
1053.726;0.019628925431618083
1054.033;0.019601796198745136
1054.34;0.019607599386267605
1054.647;0.019625613409176602
1054.953;0.019592405347933786
1055.26;0.019562107274230463
1055.566;0.01954848693393702
1055.873;0.019552169690610587
1056.18;0.01952359077100189
1056.486;0.01950077529031409
1056.793;0.019512682650001435
1057.099;0.019527924235027597
1057.406;0.019523035157034435
1057.712;0.019513700842381174
1058.019;0.019537180568773148
1058.325;0.019560040022028352
1058.632;0.01957892894739916
1058.938;0.019589144121389134
1059.245;0.019632043043324367
1059.551;0.0196813119223516
1059.857;0.019674478303779157
1060.164;0.01967087406954738
1060.47;0.019695238337707817
1060.777;0.01970952617290992
1061.083;0.019702692879257924
1061.389;0.01969633786850657
1061.695;0.01970035930059461
1062.002;0.01969439343623411
1062.308;0.0196707829835149
1062.614;0.019640829433794128
1062.92;0.019662450615218936
1063.227;0.019695461233135696
1063.533;0.01969562477642826
1063.839;0.019710636534390303
1064.145;0.019751386432477144
1064.451;0.019775503761096484
1064.757;0.01976337079831085
1065.063;0.019757493204005612
1065.37;0.019778400535204393
1065.676;0.019787625676586856
1065.982;0.019762368202112655
1066.288;0.01973548915798529
1066.594;0.019752789005747815
1066.9;0.01976527624012946
1067.206;0.019735016398732277
1067.512;0.019719954494714306
1067.818;0.01974189767230388
1068.123;0.01976776545568775
1068.429;0.01910418822118475
1068.735;0.018547554653360436
1069.041;0.022774728102491797
1069.347;0.024286500637599566
1069.653;0.021333637787055618
1069.959;0.01965674447060386
1070.264;0.019166917146417328
1070.57;0.018521082626248533
1070.876;0.016379321399726098
1071.182;0.01632647395518255
1071.487;0.02182986821021989
1071.793;0.028135707666988637
1072.099;0.024988419893050267
1072.405;0.020792613830819113
1072.71;0.022254322623175046
1073.016;0.0206983869006657
1073.321;0.01571464875008329
1073.627;0.012064817348660335
1073.933;0.016814287855654596
1074.238;0.0222980785769475
1074.544;0.01961423566982089
1074.849;0.019020930930303465
1075.155;0.02337183235343065
1075.46;0.027180333240686586
1075.766;0.02098637472512299
1076.071;0.01690147484275051
1076.377;0.019145592075828114
1076.682;0.021119592109132872
1076.988;0.017313257358202317
1077.293;0.012555988760436704
1077.598;0.017310657994611876
1077.904;0.02003695717371569
1078.209;0.01603783628982774
1078.514;0.01186596603399187
1078.82;0.01669623342592226
1079.125;0.022950193917698473
1079.43;0.019818610632118983
1079.736;0.01705342930597489
1080.041;0.02027696507856608
1080.346;0.023764769482851833
1080.651;0.02123927114110933
1080.956;0.01828152029564024
1081.262;0.020694704468912594
1081.567;0.022426530461041632
1081.872;0.02215424712494334
1082.177;0.019310110129739627
1082.482;0.022114931750637848
1082.787;0.02560067832541449
1083.092;0.022190963135658194
1083.397;0.01849347673507722
1083.702;0.021998068695884474
1084.007;0.02350678264650084
1084.312;0.018771175411988885
1084.617;0.015887398122031132
1084.922;0.02017353206902989
1085.227;0.0222505318846057
1085.532;0.01812750800290688
1085.837;0.01449608876024946
1086.142;0.014717576199517992
1086.447;0.019876771392455014
1086.752;0.018775507684639713
1087.057;0.017527488240780868
1087.361;0.019982478845132733
1087.666;0.02351111491915164
1087.971;0.01936621306056661
1088.276;0.01621665084348653
1088.581;0.01775688207763699
1088.885;0.020552822539601223
1089.19;0.019897891221627308
1089.495;0.01648167762289493
1089.799;0.02125475901583567
1090.104;0.025320813512177402
1090.409;0.020557696346333372
1090.713;0.018951506261075522
1091.018;0.022347033257900672
1091.323;0.024577937059393592
1091.627;0.02200716646845102
1091.932;0.016689843323762388
1092.236;0.01594924131412021
1092.541;0.01778320063399019
1092.845;0.016065671141608694
1093.15;0.013587936105840397
1093.454;0.01999395936765722
1093.759;0.02464032178556418
1094.063;0.023729028233483353
1094.368;0.02122735739131982
1094.672;0.02419810505474095
1094.976;0.025282147978769647
1095.281;0.021505597602312822
1095.585;0.019066203179503534
1095.889;0.02059148807300898
1096.194;0.022112657307496248
1096.498;0.017661355465688422
1096.802;0.014797398323107669
1097.107;0.017763922020694364
1097.411;0.020225302727206143
1097.715;0.01646803096404513
1098.019;0.014861407651522275
1098.323;0.020365343440640955
1098.628;0.02382466315224809
1098.932;0.02488849233839493
1099.236;0.025154407031725945
1099.54;0.021914089256808843
1099.844;0.013938849938086062
1100.148;0.0
