Wavelength;Intensity
174.456;0.14240146664385406
174.799;0.14233260643840895
175.142;0.14226246782352925
175.485;0.14219107175989643
175.828;0.1421184392081918
176.17;0.14204459112909681
176.513;0.14196954848329285
176.856;0.1418933322314613
177.199;0.14181596333428353
177.542;0.14173746275244098
177.884;0.14165785144661505
178.227;0.14157715037748705
178.57;0.14149538050573848
178.913;0.14141256279205067
179.255;0.14132871819710502
179.598;0.14124386768158292
179.941;0.14115803220616582
180.284;0.14107123273153505
180.626;0.140983490218372
180.969;0.1408948256273581
181.312;0.14080525991917475
181.654;0.1407148140545033
181.997;0.1406235089940252
182.34;0.1405313656984218
182.682;0.1404384051283745
183.025;0.14034464824456472
183.368;0.14025011600767381
183.71;0.1401548293783832
184.053;0.14005880931737427
184.395;0.13996207678532843
184.738;0.13986465274292706
185.081;0.1397665581508515
185.423;0.13966781396978328
185.766;0.13956844116040365
186.108;0.1394684606833941
186.451;0.13936789349943599
186.793;0.13926676056921067
187.136;0.13916508285339962
187.478;0.13906288131268418
187.821;0.13896017690774576
188.163;0.13885699059926573
188.506;0.13875334334792552
188.848;0.1386492561144065
189.191;0.13854474985939005
189.533;0.13843984554355762
189.876;0.13833456412759054
190.218;0.13822892657217026
190.561;0.13812295383797812
190.903;0.13801666688569555
191.245;0.13791008667600393
191.588;0.13780323416958465
191.93;0.13769613032711914
192.272;0.13758879610928873
192.615;0.13748125247677487
192.957;0.1373735203902589
193.3;0.1372656208104223
193.642;0.13715757469794634
193.984;0.13704940301351254
194.327;0.1369411267178022
194.669;0.13683276677149678
195.011;0.13672434413527762
195.353;0.13661587976982617
195.696;0.13650739463582376
196.038;0.13639890969395185
196.38;0.13629044590489175
196.722;0.13618202422932496
197.065;0.13607366562793277
197.407;0.13596539106139666
197.749;0.13585722149039797
198.091;0.1357491778756181
198.434;0.13564128117773847
198.776;0.13553355235744044
199.118;0.13542601237540544
199.46;0.13531868219231483
199.802;0.13521158276885004
200.144;0.1351047350656924
200.487;0.13499816004352339
200.829;0.13489187866302432
201.171;0.13478591188487665
201.513;0.13468028066976176
201.855;0.134575005978361
202.197;0.13447010877135582
202.539;0.1343656100094276
202.881;0.13426153065325766
203.223;0.1341578916635275
203.565;0.13405471400091848
203.907;0.13395201862611197
204.249;0.13384982649978938
204.591;0.13374815858263212
204.933;0.13364703583532153
205.275;0.13354647921853907
205.617;0.1334465096929661
205.959;0.133347148219284
206.301;0.1332484157581742
206.643;0.13315033327031806
206.985;0.133052921716397
207.327;0.13295620205709238
207.669;0.13286019525308565
208.011;0.13276492226505815
208.353;0.1326704040536913
208.695;0.13237294095644458
209.037;0.13198058431999055
209.379;0.13226589168942426
209.721;0.13215398463961958
210.062;0.13183283081200656
210.404;0.13187703564393582
210.746;0.13181435042584308
211.088;0.13167295071821186
211.43;0.13157129286295122
211.772;0.13153726921838113
212.113;0.1314681210048231
212.455;0.13139523777086431
212.797;0.13132533974876665
213.139;0.13124183186231728
213.48;0.1311870919518221
213.822;0.13114127943279474
214.164;0.13108243461950278
214.506;0.13103478904412047
214.847;0.1310193448050441
215.189;0.13101524583716365
215.531;0.13099507333807459
215.872;0.13097013521430487
216.214;0.13095387953793805
216.556;0.1309473302349118
216.898;0.13095232751268968
217.239;0.13095030241308667
217.581;0.1309525529760456
217.922;0.13094699176802943
218.264;0.13094588713351496
218.606;0.13095862544191003
218.947;0.13093552320639432
219.289;0.1308990911800051
219.63;0.13085210723643037
219.972;0.13081963480314615
220.314;0.13080287699148188
220.655;0.13075983941598365
220.997;0.13070391473071666
221.338;0.13065341665044122
221.68;0.13060830284283456
222.021;0.13055156112601282
222.363;0.13048281156513825
222.704;0.1304169035581859
223.046;0.13038539158269613
223.387;0.13035138303792668
223.729;0.1303200573050384
224.07;0.13027038419524822
224.412;0.1302217963122856
224.753;0.13015326509172576
225.094;0.13009143053278815
225.436;0.1300418434442718
225.777;0.1299760604123766
226.119;0.12989082289582274
226.46;0.12972572200401852
226.801;0.129602937048125
227.143;0.12949808878390068
227.484;0.12938547161239522
227.825;0.1292753121904484
228.167;0.12919046483888724
228.508;0.1291125575944591
228.849;0.12903051664128076
229.191;0.12893752215886817
229.532;0.12884322293654346
229.873;0.1287683714408885
230.215;0.1286295235482277
230.556;0.1285057904797458
230.897;0.12838878519879732
231.238;0.12830009199995174
231.58;0.12822754227823338
231.921;0.12817710528435125
232.262;0.12814802909529466
232.603;0.1281265071943371
232.944;0.12810243521018808
233.286;0.1281005268164084
233.627;0.12821359172145572
233.968;0.12831386929261068
234.309;0.12840811854510895
234.65;0.12850357159497477
234.991;0.12863020321468627
235.332;0.12875310980856408
235.673;0.12886716480726393
236.015;0.12898822824745493
236.356;0.12910916443033793
236.697;0.1292437979969852
237.038;0.1293632262609117
237.379;0.1295373377948923
237.72;0.12969129914306496
238.061;0.12985438918388398
238.402;0.1299959747302329
238.743;0.13012467761759933
239.084;0.13027466793328094
239.425;0.13040082223287314
239.766;0.1305158932871618
240.107;0.13064193198582058
240.448;0.13076705881849812
240.789;0.1308878448897232
241.13;0.13098821860311088
241.471;0.13108310003612605
241.812;0.13118467835056669
242.153;0.13127577516077754
242.494;0.13137435998502792
242.834;0.1314835354413427
243.175;0.1315848270656554
243.516;0.13168781144555988
243.857;0.13180248442889123
244.198;0.13193466639796386
244.539;0.1320565257284176
244.88;0.13219914506509786
245.22;0.13230251611105817
245.561;0.13241945629692656
245.902;0.1325332308758172
246.243;0.13263032039578082
246.584;0.13272837947262006
246.924;0.13282173778567447
247.265;0.1329237801807676
247.606;0.13303292351997498
247.947;0.1331485340017801
248.287;0.13326279932324175
248.628;0.13338296366226846
248.969;0.1335079798639022
249.31;0.13363716332594927
249.65;0.13376348188588116
249.991;0.13387082238674772
250.332;0.13396592682627703
250.672;0.1340554783432595
251.013;0.13413678015357092
251.354;0.13420447604163413
251.694;0.13427314159239614
252.035;0.13431816454763565
252.375;0.13436683648253578
252.716;0.1344199561216007
253.057;0.1344577211524933
253.397;0.134496514377548
253.738;0.13454149280201408
254.078;0.13458822575960278
254.419;0.13464024800194846
254.759;0.13466552941189128
255.1;0.13467271292006
255.44;0.1346865386387575
255.781;0.13468488480304483
256.121;0.13466932794031936
256.462;0.13463786335088546
256.802;0.1346025709509665
257.143;0.13457726119049063
257.483;0.13455641115854303
257.824;0.13454621305422104
258.164;0.13453410190182313
258.505;0.13452781832265362
258.845;0.13453217280994662
259.185;0.1345504704331301
259.526;0.13460167920530194
259.866;0.13464631386033682
260.207;0.13471694801091894
260.547;0.13475476129567962
260.887;0.13479743350233414
261.228;0.1348380231951596
261.568;0.13485608179222816
261.908;0.1348871728343323
262.249;0.13490741656662747
262.589;0.1349059497869417
262.929;0.13488987439831432
263.269;0.13487067717398546
263.61;0.13481713940949203
263.95;0.13476318423033087
264.29;0.1347094130619753
264.63;0.13465950469820948
264.971;0.13460822358531999
265.311;0.13453662514097103
265.651;0.1344596465489626
265.991;0.134356710140958
266.331;0.13423952088228433
266.672;0.13409319904163972
267.012;0.13393426352873117
267.352;0.13377164696838514
267.692;0.13364060590783516
268.032;0.13351928645647934
268.372;0.1333825395415208
268.713;0.1332524736185105
269.053;0.13312151166332734
269.393;0.13298827967486807
269.733;0.1328801345202749
270.073;0.1327735271849823
270.413;0.13265300164351645
270.753;0.13256186758533242
271.093;0.13247510657590172
271.433;0.13239379530589698
271.773;0.1323103110558971
272.113;0.13221213819414065
272.453;0.13211495304340604
272.793;0.13200164095416173
273.133;0.13190482355382024
273.473;0.13180923955401078
273.813;0.13173171755658772
274.153;0.13166074025865715
274.493;0.13157884355502736
274.833;0.13150584126252196
275.173;0.13142707748284246
275.513;0.1313498157077789
275.852;0.131273171076255
276.192;0.13121231622504528
276.532;0.13117202259312732
276.872;0.13112325964388086
277.212;0.13109732818457365
277.552;0.13109195770872628
277.892;0.1310893400679265
278.231;0.13106780913220795
278.571;0.1310464225649744
278.911;0.13103490911390225
279.251;0.13103384124733256
279.591;0.1310343027868845
279.93;0.1310524793234936
280.27;0.1310614851191071
280.61;0.13107500528117266
280.95;0.1310985810659791
281.289;0.13112618306337198
281.629;0.13114178651428324
281.969;0.1311339892893921
282.308;0.13112947718554593
282.648;0.1311210088346625
282.988;0.131100737186163
283.328;0.13103622883554497
283.667;0.13095145996954513
284.007;0.13086868498697668
284.346;0.13078067342704883
284.686;0.1306771276226127
285.026;0.130565549306924
285.365;0.130460329309495
285.705;0.13032492295088086
286.044;0.1301706823147963
286.384;0.13003408900140165
286.724;0.1298826308021323
287.063;0.12972546072525432
287.403;0.12957797244234912
287.742;0.12943351754604204
288.082;0.12926506675454363
288.421;0.12908940937519403
288.761;0.12894096062707466
289.1;0.12882007827323083
289.44;0.12869053579956025
289.779;0.12857833796986165
290.119;0.12846766247304645
290.458;0.12838072030115277
290.797;0.12832070219342612
291.137;0.12825769371707546
291.476;0.12818787685619606
291.816;0.1281084263382594
292.155;0.12801605425815538
292.494;0.12793008953757867
292.834;0.12786917389118982
293.173;0.12782148493919768
293.512;0.12774116245602785
293.852;0.12768157592637547
294.191;0.12762473498221555
294.53;0.1276502061105357
294.87;0.12766023777853416
295.209;0.12767709773808486
295.548;0.12768797456132758
295.888;0.12769394873281714
296.227;0.1276794766231718
296.566;0.12766498772486065
296.905;0.12764477719314202
297.245;0.12762908321607727
297.584;0.1276215058652195
297.923;0.12758101674175745
298.262;0.1275786529776558
298.601;0.12759425934517626
298.941;0.12763154672765872
299.28;0.1276925875819357
299.619;0.12774869455517476
299.958;0.1278094795625504
300.297;0.12787159671995948
300.636;0.12793846197022973
300.975;0.1280355752075571
301.315;0.12813020068718178
301.654;0.12812570950051258
301.993;0.12812915701416552
302.332;0.12811941764183218
302.671;0.1281162133230047
303.01;0.12809384825130818
303.349;0.12807455138111143
303.688;0.12804983704992332
304.027;0.12802460445012173
304.366;0.1280165345925786
304.705;0.1279852854840802
305.044;0.1279813164178962
305.383;0.12790308901412337
305.722;0.12783300314047774
306.061;0.12775940481840925
306.4;0.12769950381600687
306.739;0.12766124542412355
307.078;0.12761549517616225
307.417;0.1275734280446533
307.755;0.12755040176671184
308.094;0.1275205569202373
308.433;0.1275013824184807
308.772;0.12748623606747883
309.111;0.12748503767902764
309.45;0.1274997935069384
309.789;0.12750753724998132
310.127;0.1275202599887745
310.466;0.12752497582511627
310.805;0.12753783625423834
311.144;0.1275639721322012
311.483;0.12757962164384432
311.821;0.12759354949720036
312.16;0.1275890018829895
312.499;0.12761342068288706
312.838;0.1276063928415011
313.176;0.12761626817205507
313.515;0.12761237344278178
313.854;0.1275896526158354
314.192;0.12757227878495142
314.531;0.12756431367633975
314.87;0.12756192713501388
315.208;0.12754306174806176
315.547;0.12751835530305725
315.886;0.1274884160856477
316.224;0.12745505398882692
316.563;0.12741837372491543
316.902;0.12738092257686076
317.24;0.12734454541124263
317.579;0.1273012701997465
317.917;0.1272614178895266
318.256;0.12722654977134595
318.594;0.12719065901076249
318.933;0.12716060184747427
319.272;0.12713467370802264
319.61;0.12709235787085174
319.949;0.1270597215786624
320.287;0.12701835940735734
320.626;0.12695977801324765
320.964;0.12690992838112503
321.303;0.12683544849911527
321.641;0.1267457468605413
321.979;0.12663790783067727
322.318;0.12651258757419578
322.656;0.12638899904449266
322.995;0.12627759643583458
323.333;0.12614649987774132
323.671;0.12600431845200571
324.01;0.12587108261717497
324.348;0.12573462725575207
324.687;0.12561435444557964
325.025;0.12548884592633985
325.363;0.1253332042602977
325.702;0.12518946919556165
326.04;0.1250563044930915
326.378;0.12491832191065488
326.717;0.12478690073647224
327.055;0.12465921350377596
327.393;0.124499953418508
327.731;0.12433832310224897
328.07;0.12416171807552152
328.408;0.12402285387411577
328.746;0.12388436826464878
329.084;0.12374538995681744
329.422;0.12361866044309144
329.761;0.1234724763458949
330.099;0.1232958030030433
330.437;0.12314175016398382
330.775;0.1230076863293889
331.113;0.1228750398763529
331.451;0.12278031832673678
331.79;0.12266816311590545
332.128;0.12254408178176421
332.466;0.12242329934518552
332.804;0.12229106511228298
333.142;0.12217554011933475
333.48;0.12206344774401422
333.818;0.12198498636232358
334.156;0.12190215854778508
334.494;0.12183897895944348
334.832;0.12177640680305293
335.17;0.12171938882552151
335.508;0.12164460339674162
335.846;0.12156692542353172
336.184;0.1214926707434499
336.522;0.12141345120226234
336.86;0.1213488819234343
337.198;0.12131817088337475
337.536;0.1212827886373747
337.874;0.12125386646896331
338.212;0.12124608447519182
338.55;0.12120035168932232
338.888;0.12117349422788512
339.226;0.12116272555051955
339.564;0.1211744421860075
339.901;0.12119799230021341
340.239;0.12122730812883782
340.577;0.12127587517133363
340.915;0.12131801493303386
341.253;0.12136448956231446
341.591;0.12142591323302433
341.928;0.12150981903745461
342.266;0.12160370651955248
342.604;0.12169336203245812
342.942;0.12177669537696222
343.279;0.12187337838692071
343.617;0.12198570371382689
343.955;0.12209141706762715
344.293;0.12218546147688121
344.63;0.1222854204763173
344.968;0.1223611843366097
345.306;0.12241757420488412
345.643;0.12249523644788116
345.981;0.12256224271486045
346.319;0.12262215848559266
346.656;0.12265699236194652
346.994;0.12267253764333166
347.332;0.12268105246536956
347.669;0.12267897876077564
348.007;0.12266522471055118
348.344;0.12263775236283732
348.682;0.12258644970929838
349.02;0.1225271838348537
349.357;0.12246686555912208
349.695;0.12242640308064812
350.032;0.12238038942563673
350.37;0.1223284876376769
350.707;0.12227339226471427
351.045;0.12224769079430438
351.382;0.12224006154827151
351.72;0.12223193427862926
352.057;0.12223844946401485
352.395;0.12223793346426678
352.732;0.12221676586520339
353.07;0.12219860499657789
353.407;0.12219696175145324
353.744;0.1222163261528098
354.082;0.12223120722973893
354.419;0.12226815148639426
354.757;0.12229863321959118
355.094;0.12233335631182425
355.431;0.12238759721984667
355.769;0.1224415664889772
356.106;0.12249859738832712
356.443;0.12254665111669401
356.781;0.12257642407608078
357.118;0.12260720816292058
357.455;0.1226247847153444
357.793;0.12262307667844993
358.13;0.12260088253066755
358.467;0.12257183327156079
358.804;0.12253196506085581
359.142;0.12248478035156332
359.479;0.12244156270734136
359.816;0.12243096085834448
360.153;0.1224156967326817
360.49;0.12237090625288144
360.828;0.12231983549590586
361.165;0.12228015228174549
361.502;0.12220199031449988
361.839;0.12211788871144823
362.176;0.12203103356215163
362.513;0.12194976182166184
362.85;0.1218862546936316
363.187;0.12183471530288202
363.525;0.12178954037550789
363.862;0.1217488150527814
364.199;0.12172777899398207
364.536;0.12172581361371637
364.873;0.12174350640189745
365.21;0.1217707660480072
365.547;0.12181770592881236
365.884;0.12187520914991687
366.221;0.12194026898673414
366.558;0.1220057316374258
366.895;0.12205529189665892
367.232;0.12206917462127265
367.569;0.12209219312450417
367.906;0.12212647778884535
368.243;0.12216428914315844
368.58;0.12220943802597736
368.916;0.12226268450789562
369.253;0.12232667864776745
369.59;0.1223889519508846
369.927;0.12245308505502304
370.264;0.12250915461472178
370.601;0.12255917702733937
370.938;0.12261367359907069
371.275;0.1226794533563659
371.611;0.12273196701679277
371.948;0.1227733639773313
372.285;0.12283507210366637
372.622;0.12287900637800278
372.958;0.12296205869225971
373.295;0.12303727484697877
373.632;0.12311727648115632
373.969;0.12319124581234751
374.305;0.1233126582868048
374.642;0.12343740195895248
374.979;0.1235527860943702
375.316;0.12366491593517566
375.652;0.12378785361321837
375.989;0.123913838110982
376.326;0.1240126141089779
376.662;0.12408602136552307
376.999;0.12415711901289717
377.336;0.12423168465009057
377.672;0.12430633317261798
378.009;0.12437419200704138
378.345;0.12441381554255063
378.682;0.12446622375071921
379.019;0.12453400041610546
379.355;0.12457703193827373
379.692;0.12462423090633941
380.028;0.12463693407419207
380.365;0.12466657853741887
380.701;0.1246906115354992
381.038;0.12472461869885346
381.374;0.12476933232572283
381.711;0.12480626921973098
382.047;0.12483913748460686
382.384;0.12484987484269212
382.72;0.12483702597856694
383.056;0.12482529630498114
383.393;0.12484242331505184
383.729;0.12487414918881445
384.066;0.12490361942656276
384.402;0.12493017020716961
384.738;0.12495050087036189
385.075;0.12494911805304791
385.411;0.12494947108780798
385.748;0.12493185479602782
386.084;0.1249173451692465
386.42;0.12491504069141396
386.757;0.12567163300411308
387.093;0.12638361561905329
387.429;0.127053186472954
387.765;0.12769588234063098
388.102;0.1283040956403354
388.438;0.1288484845590902
388.774;0.1293736230487302
389.11;0.12988107476222402
389.447;0.1303594354158602
389.783;0.13079895713852083
390.119;0.1312028699212166
390.455;0.13157203553991248
390.791;0.13192688596810528
391.128;0.13224292401110496
391.464;0.13252403730673412
391.8;0.13278916436885863
392.136;0.13302369794381863
392.472;0.13320880018124695
392.808;0.13337934486149666
393.144;0.13352526062894998
393.48;0.1336260631268358
393.816;0.1336852767593299
394.152;0.13370728928746708
394.489;0.13370469442429242
394.825;0.13368375906568175
395.161;0.13362627056109128
395.497;0.13354201388071776
395.833;0.13342456287685894
396.169;0.133279725652233
396.505;0.13309458312350825
396.841;0.13287953751380344
397.176;0.13266039001857055
397.512;0.1324473685633088
397.848;0.13219895119543457
398.184;0.13191625470823895
398.52;0.13162064804845122
398.856;0.1312925852655565
399.192;0.13093596937533583
399.528;0.13056704682033943
399.864;0.13019624820564554
400.2;0.12980829161787977
400.535;0.12939399931614554
400.871;0.12895859421609585
401.207;0.128498409971345
401.543;0.12802529356184258
401.879;0.12752292037422477
402.214;0.12701824340594217
402.55;0.12650729569277674
402.886;0.1259794858769067
403.222;0.12542512698097583
403.557;0.1248584174435705
403.893;0.12429155537809397
404.229;0.12370449004663223
404.565;0.12306518261064431
404.9;0.12239925209270773
405.236;0.12173191951161304
405.572;0.12105997388690633
405.907;0.12038108240001945
406.243;0.11967803183533406
406.579;0.11895993464848442
406.914;0.11820411847599022
407.25;0.11742208212856113
407.585;0.11662045048100443
407.921;0.11580884391049602
408.257;0.1149859300092127
408.592;0.1141368587389056
408.928;0.11325605280331895
409.263;0.11234350539072158
409.599;0.11142119661306553
409.934;0.11047540568183638
410.27;0.10951950404545104
410.605;0.10856635510629813
410.941;0.10759251872436174
411.276;0.10659755907886094
411.612;0.10559247074930783
411.947;0.10458304863423266
412.283;0.10357366638706147
412.618;0.10252746538338249
412.953;0.10145063656505698
413.289;0.10038412581017767
413.624;0.09931618722890884
413.96;0.09824021955145237
414.295;0.0971569320405345
414.63;0.0960752922890672
414.966;0.09498722861351469
415.301;0.0938865484626397
415.636;0.09278466203117128
415.972;0.0917003581003927
416.307;0.09061347226145319
416.642;0.08950841769234841
416.977;0.08839502343014823
417.313;0.08728978472852254
417.648;0.08617637896322497
417.983;0.08505315210279588
418.318;0.08391796737994325
418.654;0.08278535131939625
418.989;0.08164785386164523
419.324;0.08049045432351581
419.659;0.07933924073537128
419.994;0.07821061685124288
420.33;0.07708074881465996
420.665;0.07593894590192413
421.0;0.07479520199256502
421.335;0.07366109096171558
421.67;0.07252051364833176
422.005;0.07137211911169143
422.34;0.07022093231126278
422.675;0.06907144082818847
423.01;0.06793878121454297
423.345;0.0667994982602816
423.681;0.06566518140334247
424.016;0.06454703865476046
424.351;0.06343548064718467
424.686;0.06232693195833663
425.021;0.06123521002907158
425.356;0.060161476418662305
425.691;0.05909021696348463
426.025;0.058017494047782205
426.36;0.05695197456342916
426.695;0.055905028806848646
427.03;0.054854864734202834
427.365;0.05379946863982558
427.7;0.05276140642468512
428.035;0.0517331486057052
428.37;0.05071217645258508
428.705;0.04971527881773181
429.04;0.048738421396523034
429.374;0.04778551904119869
429.709;0.04685526420825809
430.044;0.0459094404766407
430.379;0.04497335026894072
430.714;0.04405655183881587
431.048;0.04315715877516385
431.383;0.04224413422240932
431.718;0.04132929317345325
432.053;0.04042498217525592
432.387;0.039529887381074866
432.722;0.03863881873574719
433.057;0.0377601008289224
433.392;0.03689504843498517
433.726;0.0360390595819641
434.061;0.035186538366844655
434.396;0.034395199414333895
434.73;0.03362477285555567
435.065;0.03286877268786846
435.4;0.03211622636628185
435.734;0.03137151417162916
436.069;0.030650014745368694
436.403;0.029947124477849387
436.738;0.029238689936242762
437.073;0.02854906991744348
437.407;0.027889313088408488
437.742;0.02726652287573312
438.076;0.026648212804434645
438.411;0.026048538124215367
438.745;0.025494375016685965
439.08;0.024970806410642723
439.414;0.024462055946955445
439.749;0.023984152887623678
440.083;0.02353142388081705
440.418;0.023113899881982793
440.752;0.022708890259370874
441.086;0.02233426101187521
441.421;0.021940796497897406
441.755;0.02156772631300023
442.09;0.021227728198353148
442.424;0.020915534161297634
442.758;0.020626062389619206
443.093;0.020354423943425588
443.427;0.02011765423605606
443.761;0.019928435429050075
444.096;0.019766222340248638
444.43;0.019630779911294086
444.764;0.019505544026575637
445.099;0.019410764397350157
445.433;0.019371165143706626
445.767;0.019349146046767227
446.101;0.01932685276179261
446.436;0.019344641097975665
446.77;0.019394584218102286
447.104;0.019488930219804825
447.438;0.019596119810448797
447.773;0.01973825296513509
448.107;0.019914424831226
448.441;0.020131420889791907
448.775;0.020375030807490497
449.109;0.020634999613044647
449.443;0.02095200247735817
449.777;0.018871318855615594
450.112;0.016961587932529436
450.446;0.015189239901221799
450.78;0.013546662076479232
451.114;0.012062969704629787
451.448;0.010729581949586127
451.782;0.009541635563785424
452.116;0.00853169816479354
452.45;0.007686206356763397
452.784;0.006998173704536614
453.118;0.006460470745556979
453.452;0.0060566560511688475
453.786;0.004996942943463034
454.12;0.004055780127457433
454.454;0.00320816002238699
454.788;0.002456861318044333
455.122;0.0018022674306148706
455.456;0.0012488055080635723
455.79;0.0007981480160233249
456.123;0.0004430023976217587
456.457;0.00018672305923025386
456.791;4.9208823557623675e-05
457.125;0.0
457.459;2.3114210748909205e-05
457.793;0.00014930725214146515
458.127;0.00037446881643929376
458.46;0.0006878002390310113
458.794;0.0010732440067543376
459.128;0.0015364481591809745
459.462;0.0020879392396529915
459.795;0.002722921215687443
460.129;0.0034290144104203906
460.463;0.00419577373037806
460.797;0.005054002944657058
461.13;0.005982924760525391
461.464;0.00698167607860623
461.798;0.008063035965205329
462.131;0.009234596256990774
462.465;0.010490343911458986
462.799;0.011800984349915286
463.132;0.013171423172878597
463.466;0.014618907785312173
463.8;0.016125299615843657
464.133;0.017669835784422005
464.467;0.0192842375232399
464.8;0.020956125431858277
465.134;0.022681131653995622
465.468;0.024440767489722653
465.801;0.026255214817251304
466.135;0.028133704993288433
466.468;0.03005047725665738
466.802;0.032003996643426014
467.135;0.03401747218382322
467.469;0.03608912348423742
467.802;0.03821487984436586
468.136;0.040380078776030566
468.469;0.04259649356662672
468.802;0.044855679927555125
469.136;0.047153410886155135
469.469;0.04948465158463219
469.803;0.05186260541191012
470.136;0.054302960682229146
470.469;0.05678122345613405
470.803;0.05929335664750818
471.136;0.061847102107620386
471.469;0.06445394284958932
471.803;0.06710847905565948
472.136;0.06980221238543133
472.469;0.07254842381237545
472.803;0.0753530842661465
473.136;0.07820486955799899
473.469;0.08111715130246128
473.803;0.08407149414513423
474.136;0.08708310186764626
474.469;0.09015042041639897
474.802;0.09325972875973397
475.135;0.09641277755094953
475.469;0.09962272587150887
475.802;0.10290097490146909
476.135;0.10623290097414237
476.468;0.10962864461486664
476.801;0.11309219791869514
477.134;0.11661113999642114
477.468;0.12018522364632982
477.801;0.12382748448961738
478.134;0.12754626696662172
478.467;0.1313282682807536
478.8;0.13517582843457646
479.133;0.13907961598832239
479.466;0.1430600472507267
479.799;0.1471139072690809
480.132;0.15122203835593334
480.465;0.15538978208571805
480.798;0.15964219475512756
481.131;0.16395720042839884
481.464;0.1683450457469362
481.797;0.17280352816366118
482.13;0.1773456425118297
482.463;0.18196673281590514
482.796;0.18662953556908035
483.129;0.19135606607716288
483.462;0.1961597397318082
483.794;0.20104033532665502
484.127;0.20598757741920154
484.46;0.2110182063210698
484.793;0.21613200912815453
485.126;0.22132926532171585
485.459;0.22659346422525647
485.792;0.2319138559091429
486.124;0.23733569799977544
486.457;0.24282455245724752
486.79;0.24836941858380238
487.123;0.25398688304336864
487.455;0.25968799178380303
487.788;0.26545601898884735
488.121;0.2712806871808751
488.454;0.2771644668143891
488.786;0.2831184344852411
489.119;0.28914521833539003
489.452;0.2952118042139418
489.784;0.3013389381068954
490.117;0.3075241386106968
490.45;0.3137680247985807
490.782;0.3200481194592413
491.115;0.32637857963764905
491.448;0.33275810807828254
491.78;0.33918199205805905
492.113;0.34563970034555686
492.445;0.35213686695578117
492.778;0.35868840128110036
493.11;0.3652680503717667
493.443;0.3718768397324126
493.775;0.37852307283163483
494.108;0.3852096042407848
494.44;0.3919173797508346
494.773;0.3986557900796002
495.105;0.4054312301502544
495.438;0.41224495241772297
495.77;0.4190779781253508
496.103;0.42591133140933574
496.435;0.4327735886570524
496.768;0.43967634229275415
497.1;0.4465906496240008
497.432;0.45350856982381704
497.765;0.4604475172730111
498.097;0.4674105414740942
498.429;0.47438031681310255
498.762;0.481351864804487
499.094;0.488336066049552
499.426;0.4953354206152177
499.759;0.5023372747440632
500.091;0.5093309940259793
500.423;0.5163249532527651
500.756;0.5233285926074331
501.088;0.5303378872011372
501.42;0.537332405968229
501.752;0.5443098535357075
502.085;0.551281279368407
502.417;0.5582410664766803
502.749;0.5651736079705733
503.081;0.5721000972954855
503.413;0.5790217718595202
503.745;0.5859108321059071
504.078;0.5927858400849303
504.41;0.5996142077402143
504.742;0.6064124753828469
505.074;0.6131741038723629
505.406;0.6198748292739463
505.738;0.6265393088958956
506.07;0.6331578600548692
506.402;0.6397190745343115
506.734;0.6462235062490174
507.066;0.6526778375402733
507.398;0.659080392550299
507.73;0.6654095741442436
508.062;0.67164904661919
508.394;0.6778132917722669
508.726;0.6839089429232812
509.058;0.689901258454283
509.39;0.6958078017543167
509.722;0.7016281456839406
510.054;0.707352265498039
510.386;0.7129655351034279
510.718;0.7184708024793208
511.05;0.723862642297015
511.381;0.7291544612061652
511.713;0.7343314789131008
512.045;0.7393837770646744
512.377;0.7443213323515485
512.709;0.7491355925274509
513.041;0.7538282242944384
513.372;0.7583929179156144
513.704;0.7628133926947785
514.036;0.7670919959905673
514.368;0.7712216785738288
514.699;0.7752036064252799
515.031;0.7790447813983005
515.363;0.7827456497070013
515.695;0.786286064924001
516.026;0.7896703352034152
516.358;0.7954650740891084
516.69;0.8012064370794578
517.021;0.806902246900758
517.353;0.8125594497017183
517.685;0.818170390764719
518.016;0.8237082916842229
518.348;0.8292139419329563
518.679;0.8346559298880671
519.011;0.8400327068299771
519.343;0.8453480757672978
519.674;0.8505917336869036
520.006;0.8557502631036595
520.337;0.860852847638143
520.669;0.8658864880140177
521.0;0.8708594247801613
521.332;0.8757606142160295
521.663;0.8805914596945686
521.995;0.8853475046716018
522.326;0.8900275766239402
522.658;0.8946219660586385
522.989;0.8991270753226307
523.32;0.903527662210763
523.652;0.907842882248156
523.983;0.9120738069974356
524.315;0.9162004547444389
524.646;0.9202346764528055
524.977;0.9242043588180378
525.309;0.928075694857725
525.64;0.9318666074258845
525.971;0.9355700473363183
526.303;0.9391886141906439
526.634;0.9427177064542688
526.965;0.9461577189647958
527.296;0.9494824343554759
527.628;0.952711863384567
527.959;0.9558383362417803
528.29;0.9588543157732198
528.621;0.9617442483488627
528.953;0.9645113079878492
529.284;0.967156773694312
529.615;0.9696926678804951
529.946;0.9721268371705277
530.277;0.9744445723255437
530.608;0.97666690817329
530.939;0.978770925247089
531.271;0.9807781760126376
531.602;0.9826876650519707
531.933;0.9845030925490365
532.264;0.9862141312315797
532.595;0.9878149628040725
532.926;0.9893011990795201
533.257;0.9906560427373277
533.588;0.9918877116113141
533.919;0.9930358254615173
534.25;0.9940803803809896
534.581;0.9950288316781531
534.912;0.9958765066065317
535.243;0.9966504269072017
535.574;0.9973482537403879
535.905;0.9979623950491526
536.236;0.9984973605467179
536.567;0.9989473531687817
536.898;0.9993076438755686
537.229;0.999591153744103
537.559;0.9998046198568474
537.89;0.9999445257356981
538.221;1.0
538.552;0.9999686325150319
538.883;0.9998567458951575
539.214;0.9996731896218692
539.544;0.9994146626451996
539.875;0.9990780857059225
540.206;0.998707191532978
540.537;0.9982876328124319
540.867;0.9977965244695443
541.198;0.9972194193965146
541.529;0.9965789279226575
541.86;0.9958806546004317
542.19;0.995090872493606
542.521;0.994223776075838
542.852;0.9932836586273494
543.182;0.9922777177000153
543.513;0.9912162659310595
543.844;0.9900918970212378
544.174;0.9889006338921449
544.505;0.9875851220776078
544.835;0.9862091981703985
545.166;0.9847723376308003
545.497;0.983285207984498
545.827;0.9817390218914138
546.158;0.980122559674399
546.488;0.9784551209429893
546.819;0.9767469723875951
547.149;0.9748973278154596
547.48;0.9729962372926301
547.81;0.9710251004552981
548.141;0.9690105024662978
548.471;0.9669270086277324
548.802;0.9647740723504991
549.132;0.9625933997473309
549.462;0.9603708462132093
549.793;0.9581095619412634
550.123;0.9558068985923156
550.454;0.9534442581521451
550.784;0.9510167606986084
551.114;0.9485354951837648
551.445;0.946035050209832
551.775;0.9434818833603413
552.105;0.9408794006185681
552.436;0.9382050108913742
552.766;0.9354751040160397
553.096;0.9327031694180414
553.426;0.929876563831174
553.757;0.926988157281165
554.087;0.9241191304530774
554.417;0.9211978856363806
554.747;0.9182391934462257
555.078;0.9152287717581284
555.408;0.9121641562337963
555.738;0.9090771393322908
556.068;0.9059393427315391
556.398;0.9027700708122132
556.728;0.8995437704974537
557.058;0.8962801636133596
557.389;0.8929686095852124
557.719;0.8896327221467533
558.049;0.8862727654198703
558.379;0.8828920880946035
558.709;0.8794894531725859
559.039;0.8760494374027138
559.369;0.872592603975183
559.699;0.8691118213310713
560.029;0.86560175255113
560.359;0.8620689798732803
560.689;0.8585124121370666
561.019;0.8548768372090001
561.349;0.8512078967655108
561.679;0.847521665089339
562.009;0.843845783071145
562.339;0.8401768676553825
562.669;0.8364811631756645
562.999;0.8327299305112783
563.328;0.8289689099937765
563.658;0.825194042555853
563.988;0.8214026035588565
564.318;0.8176179810997248
564.648;0.8138361085208144
564.978;0.8100504715667823
565.307;0.8062545012168737
565.637;0.802453697285663
565.967;0.7986596825432548
566.297;0.7948681265568206
566.626;0.7910631666986657
566.956;0.7872271354712317
567.286;0.7833800913887963
567.616;0.7795455283824793
567.945;0.7757758431359086
568.275;0.7720110983265012
568.605;0.7682328969094935
568.934;0.7644480543999459
569.264;0.7606524739255353
569.594;0.7568561041423042
569.923;0.7530918973405687
570.253;0.7493098470085596
570.582;0.7455652129134065
570.912;0.7418253636536624
571.242;0.7380843456895971
571.571;0.7343626609242669
571.901;0.7306260050201263
572.23;0.7268991730325604
572.56;0.7231705703575637
572.889;0.7194265558986301
573.219;0.7156800997247774
573.548;0.7119528124084703
573.878;0.7082622077054249
574.207;0.7046039705904197
574.537;0.7009378582754507
574.866;0.6972834912662628
575.195;0.693670457416481
575.525;0.6900613395988789
575.854;0.6864671062570709
576.184;0.6829102993890764
576.513;0.6793748827337475
576.842;0.6758658538601552
577.172;0.6723802931735504
577.501;0.6689029774740052
577.83;0.6654509393903907
578.16;0.6620239984498496
578.489;0.6586264601138053
578.818;0.655269062664018
579.147;0.6519404881137149
579.477;0.648629368844006
579.806;0.6453691663642629
580.135;0.6421587993780589
580.464;0.6389797259253529
580.793;0.6358351230954663
581.123;0.6327055716492741
581.452;0.6296238683755035
581.781;0.6265749063287238
582.11;0.6235487774103085
582.439;0.6205716781619651
582.768;0.6176296527399148
583.097;0.614703164279454
583.427;0.6117930958622958
583.756;0.6089185876166568
584.085;0.6060970989202688
584.414;0.6032880411293325
584.743;0.6005043763813366
585.072;0.597729611461338
585.401;0.5949581947974673
585.73;0.5922134124289822
586.059;0.5894982064116191
586.388;0.5867999888146737
586.717;0.5841246528327045
587.046;0.5814497603397156
587.375;0.5787918300044543
587.703;0.5761321720467405
588.032;0.5734944884511962
588.361;0.5708591278587765
588.69;0.5682289657656604
589.019;0.5656082115641157
589.348;0.5630020623232739
589.677;0.5604009205573273
590.006;0.5578113178970536
590.334;0.5552364809159281
590.663;0.5526632389572776
590.992;0.5500779328483326
591.321;0.5475113384018858
591.649;0.544955208808761
591.978;0.5424113789957522
592.307;0.5398654862794593
592.636;0.5372964872556677
592.964;0.5347492202059846
593.293;0.5322387537746062
593.622;0.5297441026112285
593.95;0.527276070007166
594.279;0.524793970197267
594.608;0.5223563234114927
594.936;0.519931544273341
595.265;0.517541216778785
595.594;0.5151869150853167
595.922;0.5128414202089561
596.251;0.5105160788637545
596.579;0.5082090929169396
596.908;0.5059356025417324
597.236;0.5036996079763578
597.565;0.50147563910585
597.893;0.4992604987809387
598.222;0.4970595944351471
598.55;0.4948767522361962
598.879;0.4927389518553932
599.207;0.49065806297603787
599.536;0.4886385635019455
599.864;0.4866166096928729
600.193;0.48459780000349106
600.521;0.48258354319190144
600.849;0.48056736610697365
601.178;0.47858590108829496
601.506;0.47660475746676734
601.835;0.4746214382272303
602.163;0.47263631239368564
602.491;0.4706233017130038
602.819;0.4686234387069791
603.148;0.46663964487008297
603.476;0.46464756825843256
603.804;0.4626402263076634
604.133;0.46063365449009197
604.461;0.45865388012531044
604.789;0.45669015871747676
605.117;0.4547232697054978
605.446;0.45276712113722517
605.774;0.45079656079377345
606.102;0.44879917556911825
606.43;0.44678281608963627
606.758;0.4447625470473932
607.086;0.4427688601316715
607.414;0.44078400887952557
607.743;0.43880975799250344
608.071;0.43684631086618786
608.399;0.4348813299800856
608.727;0.4329294924016481
609.055;0.4309733212326327
609.383;0.42903698014268427
609.711;0.427104034314376
610.039;0.42516740402004893
610.367;0.42329823795834537
610.695;0.42144498808003084
611.023;0.41958536747705977
611.351;0.4177092958469938
611.679;0.41582291730887966
612.007;0.41394311178043425
612.335;0.41204441667239255
612.663;0.4101420979910486
612.991;0.40830782191682424
613.319;0.40647447946301113
613.646;0.40466020959214644
613.974;0.40284022416256066
614.302;0.4010278067266818
614.63;0.3992200489531252
614.958;0.3974141596606968
615.286;0.3956070701405966
615.613;0.39380653292237144
615.941;0.3920013966325621
616.269;0.3902048828565939
616.597;0.3884140351037274
616.924;0.38663168725736435
617.252;0.3847958189547864
617.58;0.38295003353827756
617.908;0.3811229442600284
618.235;0.37932477161700984
618.563;0.37753672044517134
618.891;0.3757635084556341
619.218;0.37400343984476275
619.546;0.3722565208288405
619.873;0.37043924607227274
620.201;0.3686307637338887
620.529;0.3668127226296628
620.856;0.3650053412772101
621.184;0.3631897201098527
621.511;0.3613684296480946
621.839;0.35953716401049457
622.166;0.3577228788860003
622.494;0.35590555160592935
622.821;0.3540933766835003
623.149;0.3522906112436502
623.476;0.35048418803669007
623.804;0.34864575876546555
624.131;0.34682388166470496
624.459;0.34501057906142507
624.786;0.34320866379215
625.114;0.3414028844357964
625.441;0.3396015076532324
625.768;0.33780944857154677
626.096;0.336019544989101
626.423;0.3342442383640633
626.75;0.33253716497832125
627.078;0.330860165804837
627.405;0.3291922144485591
627.732;0.3275012864532468
628.06;0.32582840076838104
628.387;0.3241763893068323
628.714;0.32258890462059225
629.041;0.3210187051412342
629.369;0.3194905772295401
629.696;0.3179992108747672
630.023;0.3165134147699835
630.35;0.3150500446430048
630.677;0.3136245910953889
631.005;0.3122116895622447
631.332;0.31082176136743705
631.659;0.30944353764897514
631.986;0.30807692387350866
632.313;0.3067484060378673
632.64;0.30545569778902926
632.967;0.3041991399492646
633.294;0.3029646395318586
633.621;0.3017040397302657
633.949;0.30045643345530443
634.276;0.2992425316118101
634.603;0.2980681851936243
634.93;0.29691133686236926
635.257;0.2957661330621382
635.584;0.29462072385338745
635.91;0.29348749071516084
636.237;0.2923389326223814
636.564;0.2912093085830275
636.891;0.29009509482727414
637.218;0.2889803726372287
637.545;0.2879036154992148
637.872;0.28685624458007764
638.199;0.28584265208542886
638.526;0.28486477445222463
638.853;0.2839080773481527
639.179;0.2829364423548914
639.506;0.28196344751200164
639.833;0.28099174576286207
640.16;0.28004807307888124
640.487;0.2791182774807537
640.813;0.27820047979509305
641.14;0.27730267094890276
641.467;0.27641782778990015
641.794;0.2755462351420641
642.12;0.2746933687569329
642.447;0.2738448883656066
642.774;0.27302051612963674
643.1;0.2722189462013779
643.427;0.27142412374620345
643.754;0.27064174394486423
644.08;0.2698772495692136
644.407;0.2691103730922948
644.733;0.26833786060770953
645.06;0.2675597792773104
645.387;0.26677810756173065
645.713;0.26599154079106474
646.04;0.2652195871810223
646.366;0.26445018606399595
646.693;0.2636827763516295
647.019;0.262889272591637
647.346;0.26208348271057835
647.672;0.261257048671388
647.999;0.26040934616369776
648.325;0.2595527194159063
648.651;0.25869797520254423
648.978;0.2578558776648145
649.304;0.256986081975635
649.631;0.2561071878789654
649.957;0.2552254511161641
650.283;0.25433505441945736
650.61;0.2534652504603638
650.936;0.25259427009414265
651.262;0.2517255720161003
651.589;0.2508568551895953
651.915;0.24998472839393138
652.241;0.2491007711343116
652.568;0.2482309377757718
652.894;0.24737650284921942
653.22;0.24652839327848794
653.546;0.2456749679914555
653.873;0.24483199106045073
654.199;0.2440121348046204
654.525;0.24321865074170979
654.851;0.2424502822668671
655.177;0.2416867710209418
655.503;0.24094744628168613
655.83;0.2402115009763279
656.156;0.2395093510766408
656.482;0.23881284858203095
656.808;0.2380927621397052
657.134;0.23739082257950983
657.46;0.23669350138025033
657.786;0.2360154739367259
658.112;0.23536144962948227
658.438;0.2347262850604037
658.764;0.23408923328824702
659.09;0.23345375325419784
659.416;0.23281870486532943
659.742;0.2322111677765973
660.068;0.23161036181895245
660.394;0.23102441616966757
660.72;0.23044920168932825
661.046;0.22985683395666137
661.372;0.2292586418927007
661.698;0.22866962703348145
662.024;0.22808684853701072
662.349;0.22749019557324276
662.675;0.22688690285145482
663.001;0.22627981434245542
663.327;0.2256827856684656
663.653;0.22511981002266457
663.978;0.22454544010169847
664.304;0.2239600326712795
664.63;0.22336961933433244
664.956;0.22276453755032766
665.282;0.2221676475723369
665.607;0.22157789881506812
665.933;0.22100255725924509
666.259;0.22044462720895208
666.584;0.21985349347576014
666.91;0.21925339705226773
667.236;0.21866132886460568
667.561;0.21807966636688603
667.887;0.21753486030456712
668.213;0.21700592278983374
668.538;0.2164654736082104
668.864;0.2159464732441814
669.189;0.21544549795010162
669.515;0.2149546074293138
669.84;0.2144611363907831
670.166;0.21395875148133148
670.491;0.2134685886862053
670.817;0.21298415499166787
671.142;0.21250430634225576
671.468;0.21197873118164776
671.793;0.2114531867492478
672.119;0.2109251395980475
672.444;0.2103909412379827
672.77;0.2098465717738677
673.095;0.20929654589485205
673.42;0.2087556677709411
673.746;0.20823487589417022
674.071;0.20771547176585017
674.397;0.20720344319860826
674.722;0.20667045202520073
675.047;0.20612307243812827
675.373;0.20556844060653573
675.698;0.20499523801642666
676.023;0.2044066428217186
676.348;0.20381530143246226
676.674;0.20323741318091856
676.999;0.20266538825263783
677.324;0.2020913283294718
677.649;0.2015343717200113
677.974;0.20097736156105883
678.3;0.2004738045864634
678.625;0.19998128205742952
678.95;0.19946481298213609
679.275;0.19894760876308054
679.6;0.19844165327505592
679.925;0.19793883799119602
680.25;0.19742867823393218
680.576;0.19691016671386788
680.901;0.19639543134933563
681.226;0.19586398335023086
681.551;0.19533833635324807
681.876;0.1948105242503285
682.201;0.19428383173275102
682.526;0.19377370832813937
682.851;0.19327961895421264
683.176;0.1927921043932083
683.501;0.19226769038382105
683.826;0.1917370962875038
684.151;0.19120058780159252
684.476;0.19065298095730662
684.8;0.19010977698436232
685.125;0.18957717451114
685.45;0.1890375244282183
685.775;0.18850273630187658
686.1;0.18797167071428222
686.425;0.18745203274363165
686.75;0.1869221545879962
687.074;0.18640904300402206
687.399;0.18587974399466892
687.724;0.1853613416458614
688.049;0.18484479260453654
688.373;0.18433997315735848
688.698;0.1838594522587585
689.023;0.18342143644713693
689.348;0.18297193990528524
689.672;0.18251244685678952
689.997;0.18203541278792781
690.322;0.1815788555660793
690.646;0.1811347464183119
690.971;0.18067895331817027
691.296;0.18024893477763093
691.62;0.17982352455953696
691.945;0.17940312468034414
692.269;0.17896260721575935
692.594;0.17853884758007718
692.919;0.17814407973145863
693.243;0.17773470066100774
693.568;0.17734324339707924
693.892;0.1769476283198473
694.217;0.17656234599167245
694.541;0.17617417790146372
694.866;0.17578218421538483
695.19;0.17537829979106428
695.514;0.17496015256175704
695.839;0.17451717393792696
696.163;0.1740755494274706
696.488;0.17363281299798813
696.812;0.17320005384196044
697.136;0.17276534521309184
697.461;0.1723187207523449
697.785;0.17188798450849188
698.11;0.17143111040057385
698.434;0.17096799796201026
698.758;0.17049824339795733
699.082;0.1700091345089672
699.407;0.16952510617350136
699.731;0.16902357145464256
700.055;0.16852800280299082
700.379;0.16801310708109715
700.704;0.16749874253810498
701.028;0.16699054988484302
701.352;0.16650105653549516
701.676;0.16601558622338952
702.0;0.16554213925905684
702.325;0.1650848348177964
702.649;0.16462400432337893
702.973;0.16416130295400805
703.297;0.16368089219260112
703.621;0.1632041392167528
703.945;0.16273751097660813
704.269;0.1623081660911656
704.593;0.1618790457997197
704.917;0.1614690058389248
705.241;0.16106392050991103
705.565;0.16066419886833952
705.889;0.16030050209772878
706.213;0.15993334500849166
706.537;0.15957693008223514
706.861;0.15921471076226823
707.185;0.1588670000563651
707.509;0.15852186707406296
707.833;0.15818754881829925
708.157;0.1578446022115011
708.481;0.15751219943769437
708.805;0.15717229020862067
709.128;0.15680506681324635
709.452;0.15644089532673394
709.776;0.1560913810393935
710.1;0.15575891737368733
710.424;0.15542437974463041
710.748;0.15509028239582823
711.071;0.15475489127868947
711.395;0.15442484134778517
711.719;0.15408829534171606
712.042;0.1537540123700177
712.366;0.15341893999009307
712.69;0.15310287768523792
713.014;0.15278961262551938
713.337;0.15247822533811925
713.661;0.15216353474947375
713.985;0.1518457734946732
714.308;0.1515447641843927
714.632;0.1512170955659963
714.955;0.15087699865769522
715.279;0.15054404747119254
715.603;0.1502204640500817
715.926;0.14992655468844368
716.25;0.14963288852662304
716.573;0.14933264501978874
716.897;0.14900070598371226
717.22;0.14867032913738676
717.544;0.14834623196172328
717.867;0.1479901811141584
718.191;0.14764828747366476
718.514;0.14732167679246513
718.837;0.14700323707636165
719.161;0.1466785681779528
719.484;0.14635228163348757
719.808;0.14601690079450955
720.131;0.14569051629149443
720.454;0.14535546377229944
720.778;0.14504271157039436
721.101;0.14471470321301833
721.424;0.14440458409810236
721.748;0.1441410948063403
722.071;0.14386906507022484
722.394;0.1435884375145405
722.717;0.14329743085539673
723.041;0.14303526111722542
723.364;0.1427886847337721
723.687;0.14258775260833365
724.01;0.14239982036819376
724.334;0.1422175575977253
724.657;0.1420590431336011
724.98;0.14187179759432642
725.303;0.14168710058374814
725.626;0.14150057200857238
725.949;0.14132377967460988
726.272;0.14115972124590354
726.595;0.1409925677542937
726.919;0.1408291250761958
727.242;0.14069950434945103
727.565;0.14055267664084586
727.888;0.14042516097584715
728.211;0.1402982721481371
728.534;0.14014625081903467
728.857;0.14000622378484087
729.18;0.13987997532701993
729.503;0.13976395201469363
729.826;0.1396251904735884
730.148;0.13945970675384237
730.471;0.13930447559654438
730.794;0.13914007139200074
731.117;0.138978398364501
731.44;0.13881934614545402
731.763;0.13868933486477936
732.086;0.13856050162417088
732.409;0.1384322976805359
732.731;0.1383102482528088
733.054;0.13817473474728434
733.377;0.13805799527969378
733.7;0.13792572913020043
734.022;0.13778205454148404
734.345;0.13763543665804423
734.668;0.13747308302081684
734.991;0.13732220130048087
735.313;0.1371602898287645
735.636;0.13699304271942864
735.959;0.13681098177775014
736.281;0.13668462861544403
736.604;0.13656860709363064
736.927;0.13647440704942077
737.249;0.13639021720996503
737.572;0.13632146252132585
737.894;0.13624904260444745
738.217;0.13616859207084064
738.54;0.13605992047146107
738.862;0.1359330534023205
739.185;0.135798669595462
739.507;0.13566126954647056
739.83;0.1355306221296397
740.152;0.13541565787899504
740.475;0.13532387092036813
740.797;0.13524078719858992
741.119;0.13516047278712354
741.442;0.135097742886377
741.764;0.135041003997809
742.087;0.13498002545002777
742.409;0.13491921031910958
742.731;0.13487283241944586
743.054;0.13477634133841856
743.376;0.13465505208059755
743.698;0.13455141164821735
744.021;0.13442881311161495
744.343;0.13430057539356233
744.665;0.13417077647949047
744.988;0.13404880152696172
745.31;0.13396889536221376
745.632;0.13388850238695021
745.954;0.1338110599463969
746.277;0.13373421628679966
746.599;0.13366106519054277
746.921;0.13358375186275376
747.243;0.1334931070475768
747.565;0.133385385687983
747.887;0.13327588955092137
748.21;0.13317463593795345
748.532;0.13306756611681028
748.854;0.13294463801771964
749.176;0.1328194578587415
749.498;0.132697952320339
749.82;0.132576460400715
750.142;0.1324728514073464
750.464;0.13236579302878326
750.786;0.13226865121588416
751.108;0.13216987486160903
751.43;0.13208465170562653
751.752;0.13200568729506487
752.074;0.13190631095797942
752.396;0.13181332295332088
752.718;0.13173687527643682
753.04;0.1316526360897459
753.361;0.13155907036468073
753.683;0.1314478666439677
754.005;0.13134137798806064
754.327;0.13122716114375851
754.649;0.13112966554252525
754.971;0.13102538457731008
755.293;0.1309200876285326
755.614;0.13085251719794694
755.936;0.13078961176754664
756.258;0.13072089251781857
756.58;0.13064273268115079
756.901;0.13058520985211466
757.223;0.13052360441265776
757.545;0.1304542590964035
757.866;0.13035701995503754
758.188;0.13024680456551707
758.51;0.13012065021739638
758.831;0.1300065163112968
759.153;0.1298825411788341
759.475;0.1297320792632023
759.796;0.12959693202107603
760.118;0.12945957511974496
760.439;0.12932518286721423
760.761;0.12919125648364305
761.082;0.129081634795105
761.404;0.12896672029059453
761.726;0.12884668613955808
762.047;0.12874438283142645
762.368;0.12864825650682105
762.69;0.128561082176406
763.011;0.12847004559382133
763.333;0.1283734617704719
763.654;0.12829935975570314
763.976;0.1282245126060142
764.297;0.1281627494276729
764.618;0.12813995679410187
764.94;0.1281412315907704
765.261;0.12815217690673347
765.583;0.12816254308169214
765.904;0.12817942134956148
766.225;0.12821684874646305
766.546;0.12824735239276014
766.868;0.12827993483515546
767.189;0.12832168641782182
767.51;0.12836914857967294
767.831;0.1284286722948846
768.153;0.12844395801465297
768.474;0.12846291303276705
768.795;0.12845123367895595
769.116;0.12842611671170004
769.437;0.128386627888827
769.759;0.12835708388448538
770.08;0.12832768888413268
770.401;0.12825724880648778
770.722;0.12817396726384742
771.043;0.1280638672896617
771.364;0.12795129732058286
771.685;0.12782616644718364
772.006;0.1276975904878964
772.327;0.12755646695106526
772.648;0.12742182221961637
772.969;0.1272866549421555
773.29;0.12715586861703487
773.611;0.12704007216884527
773.932;0.12692044566665114
774.253;0.12678705243769212
774.574;0.12665358256655312
774.895;0.1265598011860116
775.216;0.1264639211297565
775.537;0.12636638061621097
775.858;0.12625321575528198
776.178;0.12614338155552976
776.499;0.12601989805267277
776.82;0.12590332305479057
777.141;0.12574469398379398
777.462;0.12560001722937086
777.782;0.12546241818140447
778.103;0.12533092995362655
778.424;0.12519485549918002
778.745;0.12504284658504686
779.065;0.12491609057999692
779.386;0.12478167148401703
779.707;0.12463653501864874
780.027;0.12448188950783248
780.348;0.1243100311734288
780.669;0.12412780834833365
780.989;0.12395224573383369
781.31;0.12380398612106192
781.631;0.12367141483194814
781.951;0.12353436319415856
782.272;0.1234173148757198
782.592;0.1233124312380863
782.913;0.12320992073308487
783.233;0.12311458196378461
783.554;0.1230293939533792
783.874;0.12297163483652264
784.195;0.12292012369707182
784.515;0.12287594502818287
784.836;0.12283481866277929
785.156;0.12279294091289149
785.477;0.12278420799857433
785.797;0.12275766129235677
786.117;0.12274924910003136
786.438;0.12275773400135685
786.758;0.12277108102427056
787.079;0.12279962623130394
787.399;0.12283936462281682
787.719;0.12287730625060364
788.039;0.12287591358803236
788.36;0.12284785617993194
788.68;0.12282313136737355
789.0;0.12278578580977868
789.321;0.1227606241317442
789.641;0.12274516195993677
789.961;0.12273599212070747
790.281;0.12273780779968795
790.601;0.12275915755256807
790.922;0.12278526594733025
791.242;0.12281570810801272
791.562;0.12277153720711576
791.882;0.12271772580632666
792.202;0.12263999119271149
792.522;0.12257004658555057
792.842;0.122495994359493
793.162;0.1224135567500536
793.482;0.12233147644844695
793.802;0.12224166583524414
794.122;0.1221445785959057
794.442;0.12205974749432666
794.762;0.12197740264020819
795.082;0.12189890696539045
795.402;0.1218198785276767
795.722;0.12175457068437773
796.042;0.12168684701369972
796.362;0.12161167728067562
796.682;0.12153077702677292
797.002;0.12143627678456453
797.322;0.12133360167267017
797.642;0.12121708188983306
797.962;0.12110374553410665
798.281;0.12106165520201669
798.601;0.12104199538436687
798.921;0.12102505859781111
799.241;0.12099292420644828
799.561;0.12096578459302924
799.88;0.12094182279482382
800.2;0.12093461182569196
800.52;0.12092818946376498
800.839;0.12091104800113638
801.159;0.12088040962380421
801.479;0.12083488155866172
801.799;0.12079895032585962
802.118;0.12076857829650825
802.438;0.12073358335161721
802.757;0.12070945000281659
803.077;0.12070714799839814
803.397;0.12072675561675326
803.716;0.120737224387549
804.036;0.12076097372383503
804.355;0.12077149762974278
804.675;0.12077659639221515
804.994;0.12076708759041231
805.314;0.12075339021157529
805.633;0.12073678271179901
805.953;0.12072540624908246
806.272;0.12070625888701676
806.592;0.1206793681031231
806.911;0.12063296116759713
807.231;0.1205909302617326
807.55;0.1205817068513902
807.869;0.12055671784976078
808.189;0.12055984997657165
808.508;0.12057184709164834
808.827;0.1205820561592381
809.147;0.12060153693810585
809.466;0.12060645845682819
809.785;0.12059010119146213
810.105;0.1205637935933981
810.424;0.12052724674344116
810.743;0.12048972160714168
811.062;0.12045001166925626
811.382;0.12041977939838198
811.701;0.12040264007337116
812.02;0.12037452496856105
812.339;0.12035355433028226
812.658;0.12034175168205727
812.977;0.12035004344519937
813.296;0.12037728382990244
813.616;0.12039710982965954
813.935;0.12041868153558571
814.254;0.12044361536626534
814.573;0.12049059416447863
814.892;0.12052699210054252
815.211;0.12056570458509301
815.53;0.12059712433429143
815.849;0.12062862294867058
816.168;0.12068021643371175
816.487;0.1207344701259813
816.806;0.12078901058828324
817.125;0.12086006571817277
817.444;0.12091774651985504
817.763;0.12099182622823206
818.082;0.12105457836817812
818.4;0.12113651934000004
818.719;0.1212292638190572
819.038;0.12132226857804068
819.357;0.12141151865077425
819.676;0.12147934462220077
819.995;0.12153054187632144
820.313;0.12160589931535096
820.632;0.12167507671695985
820.951;0.12173186967217454
821.27;0.12176892353913511
821.588;0.12180283019131552
821.907;0.12186602744268826
822.226;0.12193333889879043
822.545;0.1220022648320432
822.863;0.12205097563535769
823.182;0.12209074416053248
823.501;0.12215161547502487
823.819;0.12220996437253935
824.138;0.12227929551106353
824.456;0.122350531660244
824.775;0.1224149452663879
825.093;0.12246114767733492
825.412;0.12248311187613273
825.731;0.12251712979809852
826.049;0.12253270816402445
826.368;0.12253096031879082
826.686;0.12253363532626942
827.005;0.12253345953134169
827.323;0.1225315441733128
827.641;0.12253767005848828
827.96;0.12255080599597064
828.278;0.1225560418782539
828.597;0.12252683959123797
828.915;0.12249501486274529
829.233;0.12243979932760621
829.552;0.12237651546973836
829.87;0.122298519976244
830.188;0.12218441499411006
830.507;0.12207200500061012
830.825;0.12195077461562052
831.143;0.12182579391191861
831.462;0.12170373151314956
831.78;0.12155220638920514
832.098;0.1214553350802568
832.416;0.12134235725941257
832.735;0.12124385465129534
833.053;0.12115504800698154
833.371;0.1210678264752714
833.689;0.12096333839591994
834.007;0.12084624474784236
834.325;0.12070560490359875
834.643;0.12058316345161235
834.961;0.12047923087478878
835.28;0.12036381280998588
835.598;0.12025812932993092
835.916;0.12015659477812926
836.234;0.12005334853441142
836.552;0.11997601616504787
836.87;0.11988555425288598
837.188;0.11980310697837347
837.506;0.11973151021745389
837.824;0.11965891707797409
838.142;0.11959267531262932
838.46;0.11953952556843503
838.777;0.11945667970063915
839.095;0.11937108644628851
839.413;0.11927148146324776
839.731;0.11917909274985371
840.049;0.11909626604854907
840.367;0.1190328900497659
840.685;0.11898873569454126
841.002;0.11899265537717257
841.32;0.1189816641770739
841.638;0.11896001166057237
841.956;0.11895051528029907
842.273;0.11893566479288203
842.591;0.11893029605596833
842.909;0.11893139169821297
843.227;0.11894079267703658
843.544;0.11897268081902079
843.862;0.1189923103496238
844.18;0.11901394038152599
844.497;0.11904569453355894
844.815;0.11907663713951343
845.132;0.11912727370349724
845.45;0.11915249980854274
845.768;0.11919148676472942
846.085;0.1192318352492973
846.403;0.11927289613273889
846.72;0.11930470263619095
847.038;0.1193204249451823
847.355;0.11933568416790441
847.673;0.11932181560863103
847.99;0.11930106919278645
848.308;0.11928669241605921
848.625;0.11926415033515511
848.943;0.11923426213384285
849.26;0.11920315786416776
849.577;0.11917468635897051
849.895;0.11912443109347855
850.212;0.11905594110427607
850.529;0.11899736255189163
850.847;0.11892953370978462
851.164;0.11884312211577952
851.481;0.11874968836272881
851.799;0.11865626815418151
852.116;0.11860004236296857
852.433;0.11853330768214168
852.75;0.11848426380209709
853.068;0.11842598970328057
853.385;0.1183476469054437
853.702;0.1182648898564515
854.019;0.11817565013737848
854.336;0.11806015852774081
854.653;0.11794749410836697
854.971;0.117820832879167
855.288;0.11774294187178655
855.605;0.11767322125321197
855.922;0.11759730603153083
856.239;0.11751482288617063
856.556;0.11743081289071483
856.873;0.11737011207524735
857.19;0.11731557047479564
857.507;0.1172534127190698
857.824;0.11720827796949176
858.141;0.11717421626740486
858.458;0.1171085522246295
858.775;0.11704976452761738
859.092;0.11699843659017345
859.409;0.11694731543591791
859.726;0.11689633649538407
860.043;0.11685969482129188
860.359;0.11683062304975499
860.676;0.1168073410320389
860.993;0.1168018740843646
861.31;0.11679542411697776
861.627;0.11679346002448646
861.944;0.11675507930728438
862.26;0.11670253698062409
862.577;0.11666810862544978
862.894;0.11663443312018319
863.211;0.11656172779667576
863.527;0.1164808111845686
863.844;0.11639101296949059
864.161;0.11630336262010894
864.477;0.11623187520745763
864.794;0.1161666625881383
865.111;0.11613677385985191
865.427;0.11607142036970994
865.744;0.11599113965067251
866.06;0.11590736749791912
866.377;0.11583593034774778
866.693;0.11577837924869196
867.01;0.11572254736968082
867.327;0.1156791916080848
867.643;0.11563792983463193
867.96;0.11562068590378301
868.276;0.11561754830429409
868.593;0.11560457633658915
868.909;0.1155900018433832
869.225;0.11557240431266327
869.542;0.11555609905833619
869.858;0.11559403132040721
870.175;0.11565434329724424
870.491;0.11571732792073652
870.807;0.11578109417646312
871.124;0.11582482917628077
871.44;0.115873367759871
871.756;0.11590851755796909
872.073;0.11595173957537172
872.389;0.11600882351775083
872.705;0.11605184040940413
873.021;0.11607028378106973
873.338;0.11607946447545908
873.654;0.11610397117579253
873.97;0.1161280114395347
874.286;0.11615755999123968
874.602;0.11618714949555686
874.918;0.11621341523956442
875.235;0.11625141968710603
875.551;0.11632188659318178
875.867;0.1163905774827586
876.183;0.11647573003268868
876.499;0.11656041085628371
876.815;0.1166413470031856
877.131;0.11674182991558203
877.447;0.11684651394706853
877.763;0.1169442763539232
878.079;0.1170339265107739
878.395;0.1171108716044101
878.711;0.1171898363834833
879.027;0.11727134920466444
879.343;0.11736028557776688
879.659;0.11746230709081164
879.975;0.11756608756215446
880.291;0.11764945699706639
880.607;0.11772090714554452
880.922;0.1177844036303186
881.238;0.11784679149714382
881.554;0.11789020388310274
881.87;0.11793174762414918
882.186;0.1179475500334566
882.501;0.11796554277410036
882.817;0.11797731679879082
883.133;0.11798265850075534
883.449;0.11797817720855959
883.764;0.11795126065251785
884.08;0.11792991731286351
884.396;0.11789402617321196
884.711;0.117853158136718
885.027;0.1178182782170214
885.343;0.11778324989818019
885.658;0.11774210117420397
885.974;0.11770649422887831
886.29;0.11766401342887904
886.605;0.11762707564936883
886.921;0.11758642606877431
887.236;0.11754563427536054
887.552;0.11750139073088683
887.867;0.11744569517444686
888.183;0.1174087710103849
888.498;0.11735849365403635
888.814;0.1173363960638367
889.129;0.1172993199865605
889.445;0.1172623864413346
889.76;0.11725378058137366
890.075;0.11722671951139055
890.391;0.11718603435681303
890.706;0.11714527329310391
891.021;0.11711259169769579
891.337;0.117077777031556
891.652;0.11705051777600901
891.967;0.11702168368324034
892.283;0.11699836035644665
892.598;0.11698347357508293
892.913;0.11698940797929228
893.229;0.11700446824459237
893.544;0.11704397704281251
893.859;0.11708994190328113
894.174;0.11714905301308186
894.489;0.11720373546375892
894.804;0.11724287122782234
895.12;0.11730255855181962
895.435;0.11733737436423784
895.75;0.11737172620484171
896.065;0.11739797529278477
896.38;0.11739537413620156
896.695;0.11739261819920407
897.01;0.11740223882526053
897.325;0.11742835241906194
897.64;0.11749005811624279
897.955;0.11754321960362739
898.27;0.11759931700910842
898.585;0.11767362842762658
898.9;0.11773803395870802
899.215;0.1178012992272776
899.53;0.11785223410740527
899.845;0.11788614635403624
900.16;0.11791992432253148
900.475;0.11793086236327883
900.79;0.11793558310239664
901.104;0.11794111646124336
901.419;0.11795290041098079
901.734;0.11796006492743565
902.049;0.11795745929977679
902.364;0.11797418853392838
902.678;0.11800807460468517
902.993;0.11803823153541342
903.308;0.11807360548147695
903.623;0.11811585634837678
903.937;0.11814238438958109
904.252;0.11815385741008795
904.567;0.11818904467472363
904.881;0.1182191574489268
905.196;0.11822702402716749
905.511;0.11822288528132122
905.825;0.11821963766099726
906.14;0.11822621568857553
906.454;0.1182412685398066
906.769;0.11819824173038976
907.084;0.11816644306347568
907.398;0.11812640403462937
907.713;0.11808554980578563
908.027;0.11804584110953822
908.342;0.11798095207292184
908.656;0.11792799061077266
908.97;0.11785534223584367
909.285;0.11778255633530786
909.599;0.11770425404418085
909.914;0.1176245269323595
910.228;0.11755755320527864
910.542;0.11749348008666825
910.857;0.11742608056294448
911.171;0.11736374951837752
911.485;0.11728517318905494
911.8;0.11722234313439499
912.114;0.11718731897196774
912.428;0.11714387306327934
912.743;0.11709979306710988
913.057;0.11705507540577804
913.371;0.11706760238918586
913.685;0.11709346775453201
913.999;0.11712093672270357
914.314;0.11715580489443311
914.628;0.11718512826358995
914.942;0.11722658044253967
915.256;0.11726391907348474
915.57;0.11730374543437319
915.884;0.11731709352750666
916.198;0.11735918804327557
916.512;0.11741544660068608
916.827;0.11746091695665738
917.141;0.11750036371932805
917.455;0.11754507493774817
917.769;0.11758109304251277
918.083;0.11764065345057026
918.397;0.11768864549764718
918.711;0.11773227197196812
919.024;0.11776868998519174
919.338;0.11780410608069386
919.652;0.11782173245746617
919.966;0.11783319511368415
920.28;0.11782386356666769
920.594;0.11782323865631752
920.908;0.11782932163817951
921.222;0.1178497035800214
921.535;0.11790234528706076
921.849;0.11795862059214268
922.163;0.11801665097616404
922.477;0.11807527940235649
922.79;0.1181176996636771
923.104;0.1181517024173039
923.418;0.11817422162814505
923.732;0.11819635454178565
924.045;0.11819822544840874
924.359;0.11819508168920813
924.673;0.11818784974074176
924.986;0.11816938077932558
925.3;0.11814830185509162
925.614;0.11812596488345771
925.927;0.1181096548230965
926.241;0.11814440114522391
926.554;0.11818397414992116
926.868;0.11824787728841664
927.181;0.11832213402593249
927.495;0.11838228909616784
927.808;0.11843390730874782
928.122;0.11845722808031782
928.435;0.1185061941730501
928.749;0.1185764368482335
929.062;0.11866107382014658
929.376;0.11875332849211724
929.689;0.11884779705414682
930.002;0.11894676962550854
930.316;0.11903205363723052
930.629;0.11913098665428329
930.942;0.11923089431756749
931.256;0.11932285067264947
931.569;0.11942744310405289
931.882;0.11954387990038799
932.195;0.11967107012898928
932.509;0.11977449070774744
932.822;0.11984624228892958
933.135;0.11989477832587586
933.448;0.1199416993638113
933.762;0.11998441473140437
934.075;0.12003647827709092
934.388;0.12009675878516604
934.701;0.12015948544108412
935.014;0.12021183376199933
935.327;0.12025046787597876
935.64;0.12030059541769889
935.953;0.12037031123014626
936.266;0.12043521992667457
936.58;0.12048363697687871
936.893;0.1205436367675208
937.206;0.12060828165215563
937.519;0.12066725686492638
937.832;0.12072864191943992
938.144;0.1207905188896739
938.457;0.12083652009158632
938.77;0.12088559250943123
939.083;0.12095822679063103
939.396;0.12100943325559316
939.709;0.12106105615497002
940.022;0.12110214813734438
940.335;0.12114379606908697
940.648;0.12116380742264192
940.96;0.12118482401595834
941.273;0.12121937366885904
941.586;0.12124780233352313
941.899;0.12127100562177517
942.211;0.12128260156105104
942.524;0.12126651326665472
942.837;0.12123570890925733
943.15;0.12122782870446763
943.462;0.12122831643546356
943.775;0.12123488327820145
944.088;0.12124689116476682
944.4;0.12127159288005353
944.713;0.12129755103469629
945.025;0.12131462327896152
945.338;0.1213241920296167
945.651;0.12132386011669706
945.963;0.12134599513554116
946.276;0.1213758931067827
946.588;0.12140515861324755
946.901;0.12140817938905082
947.213;0.12145028897627372
947.526;0.12149156996627163
947.838;0.12150786564746215
948.151;0.12150865775045992
948.463;0.12151279428876749
948.775;0.12151053722839528
949.088;0.12149785720296966
949.4;0.1215043932610501
949.713;0.12150489165738214
950.025;0.12149414711621076
950.337;0.12147081213634396
950.65;0.12144050896609049
950.962;0.12140716064739174
951.274;0.12136419966343207
951.586;0.12132988017020967
951.899;0.12129619825735347
952.211;0.12125468484115391
952.523;0.12120558414044806
952.835;0.12117631394594021
953.147;0.1211582544325663
953.46;0.12117280403515165
953.772;0.12117526522407529
954.084;0.1211782763920931
954.396;0.12118263400242779
954.708;0.12118603125418782
955.02;0.121194057161223
955.332;0.12119984907416846
955.644;0.12121086172512179
955.956;0.1212109242976433
956.268;0.1211976051367404
956.58;0.12117724936908966
956.892;0.12114608098852638
957.204;0.12110598848699891
957.516;0.12106446549327261
957.828;0.12102924751524673
958.14;0.12098980017028407
958.452;0.12094882106303916
958.764;0.12092047908940093
959.076;0.12090051986279197
959.388;0.12086830896646275
959.699;0.1208272448656152
960.011;0.12077375028373204
960.323;0.12070826251331293
960.635;0.12063210770527617
960.947;0.12055941704305784
961.258;0.12047595831750724
961.57;0.12038816165945274
961.882;0.1202985774996063
962.194;0.12022659568273028
962.505;0.12016784935264163
962.817;0.12011060169045432
963.129;0.12007933569220829
963.44;0.12005856039266176
963.752;0.12005677265623406
964.063;0.1200492601361994
964.375;0.12004516616844566
964.687;0.12005611185607871
964.998;0.12006560634127647
965.31;0.1200772067950932
965.621;0.12009145709847419
965.933;0.12009673711810316
966.244;0.12008437863327988
966.556;0.12006261434610953
966.867;0.12003802479358712
967.179;0.12001550534334768
967.49;0.12000560084809057
967.801;0.12000828578460523
968.113;0.12001317249757892
968.424;0.12001696255656438
968.736;0.11999748985296682
969.047;0.1199617658927635
969.358;0.11997535249857351
969.67;0.11997180040316767
969.981;0.11996816491916643
970.292;0.11995484447462143
970.603;0.1199458734679192
970.915;0.11995269388120172
971.226;0.1199502380260525
971.537;0.11995894161017819
971.848;0.11997128786357535
972.16;0.11998673018740849
972.471;0.12002249840625015
972.782;0.12006692801805396
973.093;0.1201035274892015
973.404;0.12013290936799946
973.715;0.120145828974223
974.026;0.12016667555584808
974.337;0.12019983470132029
974.648;0.12021923444524703
974.959;0.12024616851067012
975.27;0.12028118304164215
975.581;0.12033720790567384
975.892;0.12036025845963003
976.203;0.1203795353059795
976.514;0.12040038544185237
976.825;0.12041789593558
977.136;0.12043802233869388
977.447;0.12043888758101692
977.758;0.1204343447846644
978.069;0.12042130804903858
978.38;0.12040753620963462
978.691;0.12036768406916425
979.001;0.12031476758278811
979.312;0.12026022895040339
979.623;0.12021198919209101
979.934;0.12016216397962759
980.244;0.1201288079282089
980.555;0.1200735010288542
980.866;0.12001700422264444
981.177;0.11997093704439668
981.487;0.11993612098192351
981.798;0.11990501576303479
982.109;0.11989374693090932
982.419;0.11986527501457334
982.73;0.11985155158954121
983.04;0.11983666446948775
983.351;0.11982680284366141
983.662;0.11980862128200957
983.972;0.11978089205205268
984.283;0.11976022938034482
984.593;0.11974372895344701
984.904;0.11973006376443142
985.214;0.11972453624395991
985.525;0.11972852423566827
985.835;0.11974012462845897
986.146;0.11970549257217217
986.456;0.11970929063527516
986.766;0.11972454570853044
987.077;0.11974772391419602
987.387;0.11977195842994261
987.698;0.11979761922716604
988.008;0.11982935734466607
988.318;0.1198556225298725
988.628;0.11986969037395641
988.939;0.11988595333608114
989.249;0.11988291092147545
989.559;0.11986146215472959
989.87;0.11984433431480422
990.18;0.11983619711328264
990.49;0.11983571979044166
990.8;0.11984000274139009
991.11;0.11981986739119757
991.42;0.11980360339754115
991.731;0.11978604649294726
992.041;0.11975650590003957
992.351;0.11971461099741484
992.661;0.11974140952508787
992.971;0.11974358043329665
993.281;0.11973470386073246
993.591;0.11972831528715996
993.901;0.11972503511401056
994.211;0.119728607954982
994.521;0.11971220674612647
994.831;0.1197249920837681
995.141;0.11971141104604598
995.451;0.1197112750708232
995.761;0.11971855742486999
996.071;0.11972269985041047
996.381;0.11972376912240901
996.691;0.11971559644663268
997.0;0.11971796442102661
997.31;0.119714619671757
997.62;0.1197216135988837
997.93;0.11970483060703908
998.24;0.11967765835031904
998.549;0.11966514386686991
998.859;0.11967804449368362
999.169;0.11968666660317527
999.479;0.11968275248587444
999.788;0.11967128616596162
1000.098;0.11966682464445678
1000.408;0.1196462979360472
1000.717;0.11961554671032082
1001.027;0.11958708851708977
1001.337;0.11951523495961823
1001.646;0.11946893184316144
1001.956;0.11942214684166812
1002.265;0.11938054464155017
1002.575;0.11934951223926772
1002.884;0.11933006015588929
1003.194;0.11930026488103675
1003.503;0.11925259318921623
1003.813;0.11919872905153744
1004.122;0.11915099790941334
1004.432;0.11911694171519048
1004.741;0.11909103766195811
1005.051;0.11907137826781551
1005.36;0.11903390259381284
1005.67;0.1189745954810925
1005.979;0.11893170695398647
1006.288;0.1188786629267873
1006.598;0.11880638591113683
1006.907;0.1187347639807008
1007.216;0.11868012568135648
1007.525;0.11862702413158731
1007.835;0.11859584816224938
1008.144;0.11854447462326811
1008.453;0.11848755227616416
1008.762;0.1184173317173692
1009.072;0.118365441563389
1009.381;0.11828429092177031
1009.69;0.11821082321393524
1009.999;0.11814031568292242
1010.308;0.11807229751512077
1010.617;0.11799148078156933
1010.926;0.11788495861872449
1011.236;0.11778558215071377
1011.545;0.11765659126179646
1011.854;0.11752822590032046
1012.163;0.11742067570949667
1012.472;0.1173065750165927
1012.781;0.1172221049144293
1013.09;0.1171446221262446
1013.399;0.1170852109634003
1013.708;0.11701911114320883
1014.017;0.11695357384393815
1014.325;0.11689058672681364
1014.634;0.11683555939232566
1014.943;0.11678486978110883
1015.252;0.11674785897548039
1015.561;0.1166809646411059
1015.87;0.11662229997654959
1016.179;0.11654444242644701
1016.487;0.11648613766764591
1016.796;0.1164292993031745
1017.105;0.11639125632535689
1017.414;0.11637519940033782
1017.722;0.11635323421481283
1018.031;0.1163534081907736
1018.34;0.11635585807864211
1018.649;0.11635126469424738
1018.957;0.11634410894273173
1019.266;0.11631899174484352
1019.574;0.11629468057035913
1019.883;0.11625655932692695
1020.192;0.11621405485542818
1020.5;0.11617615105506317
1020.809;0.1161406836830671
1021.117;0.11610630156799978
1021.426;0.11606421323809744
1021.734;0.11602047947781237
1022.043;0.11598557544357145
1022.351;0.11595037695981172
1022.66;0.11595382340290096
1022.968;0.11593719206721137
1023.277;0.11593778778512055
1023.585;0.11594203452767018
1023.893;0.11595054624824497
1024.202;0.11594748568529452
1024.51;0.11592603894152001
1024.819;0.11592508301960132
1025.127;0.11591348693150993
1025.435;0.11589285207986609
1025.743;0.11588848798601935
1026.052;0.11589953073706019
1026.36;0.11591128350146494
1026.668;0.11591649244769668
1026.976;0.11591244440095488
1027.285;0.11590304239049204
1027.593;0.11588233016393518
1027.901;0.11586926569925053
1028.209;0.11586289687611552
1028.517;0.11586441743668424
1028.825;0.11588253119066552
1029.134;0.1158826160123987
1029.442;0.1158848272513584
1029.75;0.11587118394675983
1030.058;0.11586912717599457
1030.366;0.11585775287632741
1030.674;0.11586944984315162
1030.982;0.11589495579381434
1031.29;0.11590737281380337
1031.598;0.11593461915005261
1031.906;0.11597472542208899
1032.214;0.11600594628966601
1032.522;0.11602725890520184
1032.829;0.11605667453713243
1033.137;0.11610800202601008
1033.445;0.1161661147406032
1033.753;0.11620989534895525
1034.061;0.11625681261162173
1034.369;0.11630641302172223
1034.676;0.11635438530430317
1034.984;0.11641043483955318
1035.292;0.1164618953198162
1035.6;0.11652568166196277
1035.907;0.1166026714368564
1036.215;0.1166809534335411
1036.523;0.11674247155671616
1036.831;0.1168129946849825
1037.138;0.11688386767032993
1037.446;0.1169388522805285
1037.753;0.11699004924268311
1038.061;0.11702267187424026
1038.369;0.11704381719894677
1038.676;0.11705986042158029
1038.984;0.1170692887088847
1039.291;0.11708348684116697
1039.599;0.11708616452400877
1039.906;0.11709034743884873
1040.214;0.11711101823020838
1040.521;0.11715302607930853
1040.829;0.11718386873453773
1041.136;0.11721667458298397
1041.444;0.11724061809074675
1041.751;0.1172693637961613
1042.058;0.11727956944203992
1042.366;0.11727164381566096
1042.673;0.11727719863282478
1042.98;0.11728934952967122
1043.288;0.11730633193525349
1043.595;0.11730900383455105
1043.902;0.11730940425606158
1044.21;0.11732250467045983
1044.517;0.11734035905927315
1044.824;0.1173821271244589
1045.131;0.11742033155032605
1045.439;0.11746317311840708
1045.746;0.11750264496598438
1046.053;0.11752353735125329
1046.36;0.11753378835018262
1046.667;0.11752414350473292
1046.974;0.11750423368328376
1047.281;0.11748664173967353
1047.588;0.11746072741651645
1047.896;0.11748391592958454
1048.203;0.11748045515501496
1048.51;0.11748172939019677
1048.817;0.11750633461931143
1049.124;0.11751840520038558
1049.431;0.11750800893661921
1049.738;0.11747827435579218
1050.044;0.11746464468433883
1050.351;0.11745530708747294
1050.658;0.11743339739717785
1050.965;0.11742706722478782
1051.272;0.11741089911228708
1051.579;0.11740032078351045
1051.886;0.11738630457285146
1052.193;0.11737537560541712
1052.499;0.1173674409106882
1052.806;0.1173955133918614
1053.113;0.11743424467487833
1053.42;0.117475821973862
1053.726;0.11752343804754142
1054.033;0.1175726767540902
1054.34;0.11757378710990542
1054.647;0.11759352132372293
1054.953;0.11762402540089674
1055.26;0.11763582624611137
1055.566;0.11764059741920636
1055.873;0.11765439200902773
1056.18;0.11767813403561381
1056.486;0.11767465947177132
1056.793;0.11768731873114151
1057.099;0.1177007634166425
1057.406;0.11769224771417315
1057.712;0.1176961741804113
1058.019;0.1176995066195105
1058.325;0.11769163839814019
1058.632;0.11767394667524432
1058.938;0.11765868424711966
1059.245;0.11762462804177448
1059.551;0.11760708566681419
1059.857;0.11758717426374805
1060.164;0.11755896019844915
1060.47;0.1175104620928499
1060.777;0.11745775662550795
1061.083;0.11740736636069173
1061.389;0.11736289972917632
1061.695;0.11730788499383106
1062.002;0.11726639277516525
1062.308;0.11723292187673111
1062.614;0.1171950627069107
1062.92;0.11717370036397616
1063.227;0.11715009766330015
1063.533;0.11713118233831998
1063.839;0.11711109457383335
1064.145;0.11707291808180278
1064.451;0.11703218153433018
1064.757;0.11701097419384786
1065.063;0.11700242534321934
1065.37;0.11698702455099574
1065.676;0.11696026204543535
1065.982;0.11690932665222752
1066.288;0.11686251853696887
1066.594;0.11682705278506302
1066.9;0.11680032426107584
1067.206;0.1168718549360056
1067.512;0.11675744238175981
1067.818;0.1167247828228428
1068.123;0.1169196022683034
1068.429;0.11687883327361355
1068.735;0.11670900123582555
1069.041;0.11653853783289442
1069.347;0.11672668892200305
1069.653;0.11695187891173218
1069.959;0.11695220259437436
1070.264;0.11695315416622404
1070.57;0.11695450419367151
1070.876;0.11695624409308437
1071.182;0.11695836528083013
1071.487;0.1169608591732764
1071.793;0.11696371718679066
1072.099;0.1169669307377405
1072.405;0.11697049124249348
1072.71;0.11697439011741713
1073.016;0.116978618778879
1073.321;0.11698316864324665
1073.627;0.11698803112688762
1073.933;0.11699319764616949
1074.238;0.11699865961745975
1074.544;0.11700440845712602
1074.849;0.1170104355815358
1075.155;0.11701673240705669
1075.46;0.1170232903500562
1075.766;0.11703010082690189
1076.071;0.11703715525396131
1076.377;0.11704444504760202
1076.682;0.11705196162419157
1076.988;0.1170596964000975
1077.293;0.11706764079168738
1077.598;0.11707578621532873
1077.904;0.11708412408738914
1078.209;0.11709264582423612
1078.514;0.11710134284223725
1078.82;0.11711020655776007
1079.125;0.11711922838717213
1079.43;0.11712839974684099
1079.736;0.11713771205313418
1080.041;0.11714715672241927
1080.346;0.11715672517106382
1080.651;0.11716640881543536
1080.956;0.11717619907190142
1081.262;0.1171860873568296
1081.567;0.11719606508658743
1081.872;0.11720612367754246
1082.177;0.11721625454606223
1082.482;0.11722644910851432
1082.787;0.11723669878126623
1083.092;0.11724699498068557
1083.397;0.11725732912313985
1083.702;0.11726769262499664
1084.007;0.11727807690262348
1084.312;0.11728847337238793
1084.617;0.11729887345065754
1084.922;0.11730926855379985
1085.227;0.11731965009818243
1085.532;0.1173300095001728
1085.837;0.11734033817613854
1086.142;0.11735062754244718
1086.447;0.1173608690154663
1086.752;0.11737105401156342
1087.057;0.1173811739471061
1087.361;0.11739122023846191
1087.666;0.11740118430199838
1087.971;0.11741105755408306
1088.276;0.11742083141108349
1088.581;0.11743049728936725
1088.885;0.11744004660530188
1089.19;0.11744947077525493
1089.495;0.11745876121559395
1089.799;0.11746790934268649
1090.104;0.11747690657290008
1090.409;0.11748574432260232
1090.713;0.11749441400816073
1091.018;0.11750290704594285
1091.323;0.11751121485231625
1091.627;0.11751932884364846
1091.932;0.11752724043630706
1092.236;0.1175349410466596
1092.541;0.11754242209107359
1092.845;0.11754967498591662
1093.15;0.11755669114755622
1093.454;0.11756346199235997
1093.759;0.1175699789366954
1094.063;0.11757623339693005
1094.368;0.11758221678943147
1094.672;0.11758792053056724
1094.976;0.11759333603670488
1095.281;0.11759845472421196
1095.585;0.11760326800945603
1095.889;0.11760776730880464
1096.194;0.11761194403862532
1096.498;0.11761578961528564
1096.802;0.11761929545515318
1097.107;0.11762245297459542
1097.411;0.11762525358997997
1097.715;0.11762768871767436
1098.019;0.11762974977404612
1098.323;0.11763142817546286
1098.628;0.11763271533829207
1098.932;0.11763360267890131
1099.236;0.11763408161365817
1099.54;0.11763414355893016
1099.844;0.11763377993108486
1100.148;0.1176329821464898
