Wavelength;Intensity
174.456;0.2017168692640959
174.799;0.20160572473753588
175.142;0.2014928151162411
175.485;0.20137817141383418
175.828;0.2012618246439378
176.17;0.20114380582017455
176.513;0.20102414595616702
176.856;0.20090287606553792
177.199;0.2007800271619098
177.542;0.20065563025890532
177.884;0.2005297163701471
178.227;0.2004023165092578
178.57;0.20027346168985996
178.913;0.2001431829255763
179.255;0.2000115112300294
179.598;0.1998784776168419
179.941;0.19974411309963647
180.284;0.19960844869203562
180.626;0.19947151540766203
180.969;0.1993333442601384
181.312;0.19919396626308725
181.654;0.19905341243013128
181.997;0.19891171377489306
182.34;0.19876890131099528
182.682;0.19862500605206054
183.025;0.19848005901171142
183.368;0.1983340912035706
183.71;0.19818713364126073
184.053;0.19803921733840432
184.395;0.19789037330862413
184.738;0.1977406325655427
185.081;0.1975900261227827
185.423;0.19743858499396677
185.766;0.19728634019271746
186.108;0.1971333227326575
186.451;0.1969795636274094
186.793;0.19682509389059585
187.136;0.1966699445358395
187.478;0.19651414657676297
187.821;0.1963577310269889
188.163;0.19620072890013981
188.506;0.1960431712098384
188.848;0.19588508896970733
189.191;0.19572651319336917
189.533;0.1955674748944466
189.876;0.1954080050865622
190.218;0.1952481347833386
190.561;0.19508789499839843
190.903;0.19492731674536437
191.245;0.19476643103785898
191.588;0.19460526888950488
191.93;0.19444386131392477
192.272;0.1942822393247412
192.615;0.19412043393557682
192.957;0.19395847616005427
193.3;0.19379639701179618
193.642;0.19363422750442516
193.984;0.1934719986515638
194.327;0.19330974146683483
194.669;0.19314748696386078
195.011;0.19298526615626435
195.353;0.19282311005766808
195.696;0.19266104968169467
196.038;0.19249911604196673
196.38;0.19233734015210685
196.722;0.1921757530257377
197.065;0.19201438567648188
197.407;0.19185326911796202
197.749;0.19169243436380076
198.091;0.19153191242762072
198.434;0.1913717343230445
198.776;0.19121193106369477
199.118;0.19105253366319414
199.46;0.19089357313516522
199.802;0.19073508049323065
200.144;0.1905770867510131
200.487;0.1904196229221351
200.829;0.19026272002021932
201.171;0.19010640905888845
201.513;0.18995072105176503
201.855;0.1897956870124717
202.197;0.18964133795463117
202.539;0.18948770489186595
202.881;0.18933481883779868
203.223;0.1891827108060521
203.565;0.18903141181024868
203.907;0.18888095286401121
204.249;0.18873136498096219
204.591;0.18858267917472427
204.933;0.18843492645892015
205.275;0.18828813784717235
205.617;0.18814234435310356
205.959;0.18799757699033642
206.301;0.1878538667724935
206.643;0.18771124471319747
206.985;0.18756974182607095
207.327;0.18742938912473653
207.669;0.1872902176228169
208.011;0.18715225833393462
208.353;0.18701554227171238
208.695;0.18664160772255523
209.037;0.18605932640791
209.379;0.18650244924692533
209.721;0.18628915626876205
210.062;0.18579567674003059
210.404;0.18594313260815107
210.746;0.18583109018363622
211.088;0.1855412388445092
211.43;0.18542224685567604
211.772;0.18543411118226777
212.113;0.185334776795837
212.455;0.18522741452118
212.797;0.18512577095318727
213.139;0.1849982213103626
213.48;0.18492081812106786
213.822;0.18486056720951352
214.164;0.18477910184589386
214.506;0.18471586073573673
214.847;0.18470420319559586
215.189;0.18471312912991283
215.531;0.18469560557189177
215.872;0.1846680113369146
216.214;0.18465383932457946
216.556;0.18465820349419595
216.898;0.18468134263233615
217.239;0.18469206073327565
217.581;0.18471154222359146
217.922;0.18471500758835113
218.264;0.18472524938017731
218.606;0.18475641636780307
218.947;0.18472873737739745
219.289;0.18468014795595727
219.63;0.18461780627136265
219.972;0.18457613102700715
220.314;0.1845590447330843
220.655;0.1844945946843228
220.997;0.18440976331272324
221.338;0.18433064429737514
221.68;0.18425976212424308
222.021;0.18417371455937917
222.363;0.18406409360201292
222.704;0.18396103339905875
223.046;0.18391848321152826
223.387;0.18387345984861922
223.729;0.1838339596489314
224.07;0.18376630389013243
224.412;0.18370225298981374
224.753;0.1836037488855817
225.094;0.1835181708731987
225.436;0.18344829557082312
225.777;0.18335538483606703
226.119;0.1832313963114052
226.46;0.18297372959548525
226.801;0.18278333040616843
227.143;0.18262179345043203
227.484;0.1824513994367714
227.825;0.182283615350974
228.167;0.18215670672700793
228.508;0.18204225405364716
228.849;0.18192341121915964
229.191;0.18178667071814691
229.532;0.18164996349817258
229.873;0.1815428623556668
230.215;0.18133129511771645
230.556;0.18114330203449167
230.897;0.18096508559455365
231.238;0.18083434301873522
231.58;0.18072953562883498
231.921;0.1806621549196445
232.262;0.18062902976397258
232.603;0.18061255571841875
232.944;0.18059173444411145
233.286;0.1806050293783906
233.627;0.1808077360637748
233.968;0.180988368414756
234.309;0.18115985667147186
234.65;0.1813287188341414
234.991;0.18154897315903287
235.332;0.1817623148102867
235.673;0.1819627382827838
236.015;0.18217439168897395
236.356;0.18238623986539002
236.697;0.18261944852222603
237.038;0.18283100783009038
237.379;0.18313494206906675
237.72;0.18340408414450757
238.061;0.1836888617393952
238.402;0.1839357669243075
238.743;0.18416298612274531
239.084;0.18442344983602077
239.425;0.18464668667190276
239.766;0.1848528125749661
240.107;0.18507599381904083
240.448;0.18529985541288213
240.789;0.18551641796884927
241.13;0.18570208946757077
241.471;0.18588477686613838
241.812;0.18608124598232698
242.153;0.18626346576255318
242.494;0.18646038594368466
242.834;0.18667113423367834
243.175;0.18686624215126815
243.516;0.18706380806278955
243.857;0.18727903648369196
244.198;0.18752064983396138
244.539;0.18773999946583678
244.88;0.18799392083305316
245.22;0.18818486535530984
245.561;0.1884005207021562
245.902;0.18861161137783297
246.243;0.18879590444120323
246.584;0.18898027387111932
246.924;0.18915549084809383
247.265;0.18934482681536613
247.606;0.18954546120658922
247.947;0.1897580370859804
248.287;0.18996636975679015
248.628;0.19017951635574765
248.969;0.19039959282581445
249.31;0.1906238060600686
249.65;0.19083961241717093
249.991;0.19102760621040776
250.332;0.191197163527205
250.672;0.19135811309964654
251.013;0.19150702019099272
251.354;0.19163284967414065
251.694;0.19176284305619207
252.035;0.19185506951359546
252.375;0.19195105979981125
252.716;0.1920501798909989
253.057;0.19212002335416534
253.397;0.1921913078500947
253.738;0.1922735861762032
254.078;0.1923606787832384
254.419;0.19245364491876585
254.759;0.1925026615354568
255.1;0.19252275383581913
255.44;0.19255450972315027
255.781;0.19256302560411215
256.121;0.19254791973089316
256.462;0.19250780615588478
256.802;0.19246183275737427
257.143;0.19243193036452003
257.483;0.192408730579669
257.824;0.19240100109101932
258.164;0.19238838628102636
258.505;0.1923863568802403
258.845;0.19240033651872537
259.185;0.19243658995616936
259.526;0.19251951673762438
259.866;0.19259399681907538
260.207;0.19271186863904918
260.547;0.19278092980386183
260.887;0.19285817616483497
261.228;0.19293062247660117
261.568;0.19296879392401864
261.908;0.19302907991673743
262.249;0.19306975554113193
262.589;0.19307497364035056
262.929;0.1930548683242354
263.269;0.19303075738035683
263.61;0.19294814068469335
263.95;0.19286488579928387
264.29;0.19278157773932608
264.63;0.19270540660753965
264.971;0.192626960172909
265.311;0.19251747140732833
265.651;0.19239872798226376
265.991;0.1922369397202183
266.331;0.19204888734987777
266.672;0.191819142554055
267.012;0.1915696587762621
267.352;0.19131324028513078
267.692;0.19110504269791742
268.032;0.1909050301395369
268.372;0.19067821993083212
268.713;0.19046398443091214
269.053;0.1902476385981415
269.393;0.19002825589243452
269.733;0.18984948300270096
270.073;0.18967407176172113
270.413;0.18947618327069002
270.753;0.18932890748065903
271.093;0.1891888879610046
271.433;0.18905626868361253
271.773;0.18891571047547595
272.113;0.18875339803429278
272.453;0.1885917889356277
272.793;0.18840945434431172
273.133;0.18825451499295803
273.473;0.18810397927896733
273.813;0.18798246595092735
274.153;0.18786860851337506
274.493;0.18773857722052326
274.833;0.18762164869192513
275.173;0.18750061444251262
275.513;0.18738350007589544
275.852;0.1872672477203557
276.192;0.18717285128005207
276.532;0.18711388378670876
276.872;0.1870386714148344
277.212;0.18699778151754184
277.552;0.1869913688167413
277.892;0.18698902766160805
278.231;0.1869572088817067
278.571;0.1869258912137101
278.911;0.18691474697138669
279.251;0.1869210393125708
279.591;0.18692910879544694
279.93;0.18695900673630397
280.27;0.18697360730247878
280.61;0.186997364527205
280.95;0.18703996106611448
281.289;0.18709030754921355
281.629;0.18712070849454027
281.969;0.1871128570987683
282.308;0.18710869975379504
282.648;0.187095617863234
282.988;0.1870624524530287
283.328;0.1869600839700147
283.667;0.18682216130189752
284.007;0.18668955160974365
284.346;0.18655022171257624
284.686;0.18638524513692858
285.026;0.18620543801290165
285.365;0.1860360254198839
285.705;0.1858165457714731
286.044;0.18556489069251833
286.384;0.1853389628360873
286.724;0.1850897575860496
287.063;0.18483219148622068
287.403;0.18459125521609024
287.742;0.18435285273679555
288.082;0.18407516284128267
288.421;0.1837882361284041
288.761;0.1835455407899803
289.1;0.1833459969707768
289.44;0.183135069435185
289.779;0.18295510937489823
290.119;0.18277618295149967
290.458;0.18263517108493363
290.797;0.1825365543293146
291.137;0.18243203924613438
291.476;0.1823139917820696
291.816;0.1821805873265542
292.155;0.18202696723494594
292.494;0.18188091883303958
292.834;0.1817768933013773
293.173;0.1816951631957398
293.512;0.1815617624920236
293.852;0.1814639644033712
294.191;0.18137018793622736
294.53;0.18141405099035304
294.87;0.18142853453085747
295.209;0.18145439221727827
295.548;0.18146849089552253
295.888;0.18147395422305984
296.227;0.18144875955236928
296.566;0.18142610434229026
296.905;0.18139420048285046
297.245;0.18137034412945036
297.584;0.1813583022114737
297.923;0.18129666744187783
298.262;0.18130067609483347
298.601;0.18133524376032317
298.941;0.18140177955859932
299.28;0.18150834719320505
299.619;0.18161102246368063
299.958;0.18172123975345938
300.297;0.1818324344757571
300.636;0.18195018061844445
300.975;0.1821155363725157
301.315;0.182280895964327
301.654;0.18228324022075437
301.993;0.1823035985587767
302.332;0.18230204729565802
302.671;0.18231159362781893
303.01;0.18229075017893326
303.349;0.18227588740712958
303.688;0.18225178109619602
304.027;0.18222604847311133
304.366;0.18222785335582453
304.705;0.1821916864510664
305.044;0.18219963159721306
305.383;0.18208231798178914
305.722;0.18197864493954272
306.061;0.18187160351309184
306.4;0.1817898452818523
306.739;0.18174198368162817
307.078;0.1816836729778518
307.417;0.18163336076322806
307.755;0.1816166071142227
308.094;0.18158776888935896
308.433;0.18157141672502544
308.772;0.18156229362369936
309.111;0.18157607849802457
309.45;0.18160952118068763
309.789;0.18163110219925852
310.127;0.18166406336955682
310.466;0.18168233935590483
310.805;0.18171236278856323
311.144;0.18176384238925564
311.483;0.18179752469614266
311.821;0.18183022995868975
312.16;0.18183021219650408
312.499;0.1818789794193032
312.838;0.18187855092947441
313.176;0.18190539916509083
313.515;0.1819044469490037
313.854;0.18186964076369697
314.192;0.18184339356085608
314.531;0.18183189173210712
314.87;0.181828702904082
315.208;0.18179716570131838
315.547;0.18175581195728605
315.886;0.18170580017799157
316.224;0.18164740832488058
316.563;0.1815876248770458
316.902;0.1815264369526233
317.24;0.18146506305510468
317.579;0.1813933270362336
317.917;0.18132586736436845
318.256;0.18126842682782554
318.594;0.1812122457797792
318.933;0.18116615693640176
319.272;0.18112489155811326
319.61;0.18105738901112162
319.949;0.1810059707470587
320.287;0.1809392146299291
320.626;0.18084346841468305
320.964;0.18076406743180784
321.303;0.1806450888695593
321.641;0.18050134112547975
321.979;0.1803259756824746
322.318;0.18012601630139308
322.656;0.17993104237179286
322.995;0.17975447031619127
323.333;0.1795439280588434
323.671;0.1793153705467131
324.01;0.17910146766757867
324.348;0.1788787429172198
324.687;0.17867914031848403
325.025;0.17847237738038138
325.363;0.17821494410881636
325.702;0.1779723329570933
326.04;0.177746635372474
326.378;0.17751554414437992
326.717;0.17729511515845506
327.055;0.17707881517218052
327.393;0.1768100903802986
327.731;0.17653859343089814
328.07;0.17624421832668713
328.408;0.17600658512012127
328.746;0.17576718052734708
329.084;0.1755265264366206
329.422;0.17530456374248976
329.761;0.17505161632269006
330.099;0.17474690068695597
330.437;0.17447843291515153
330.775;0.1742427367911948
331.113;0.1740090492772141
331.451;0.17383896293501136
331.79;0.17364128711347993
332.128;0.17342328584669428
332.466;0.17320812754878187
332.804;0.1729766191187318
333.142;0.17277258477636814
333.48;0.1725750223054746
333.818;0.17243163788331928
334.156;0.1722801628062873
334.494;0.17216474104172438
334.832;0.17202840537990458
335.17;0.1719018810238347
335.508;0.1717466812485304
335.846;0.1715902566525196
336.184;0.17144255441068076
336.522;0.17128638656230807
336.86;0.17115228654843126
337.198;0.17107574166981118
337.536;0.17099659931514835
337.874;0.1709289312133555
338.212;0.17089775776394797
338.55;0.17080707062543515
338.888;0.17075194432237475
339.226;0.17072374401389526
339.564;0.17073662520569313
339.901;0.17076976975077332
340.239;0.1708149531404405
340.577;0.17088520629351325
340.915;0.17094494414816183
341.253;0.17101501172887373
341.591;0.17110945879624292
341.928;0.17126175887413445
342.266;0.17142648295360743
342.604;0.17158922553395467
342.942;0.17174022019027324
343.279;0.17191342832237663
343.617;0.1721094238893431
343.955;0.17229641345625743
344.293;0.17246155123560705
344.63;0.17263858005546093
344.968;0.17277701701078532
345.306;0.17288363612106897
345.643;0.17302324343506156
345.981;0.17314316691021586
346.319;0.1732510063930064
346.656;0.17331531737035524
346.994;0.17334694201158088
347.332;0.17336388416262583
347.669;0.1733697881840614
348.007;0.1733577601682766
348.344;0.17332371465285357
348.682;0.17324973487259615
349.02;0.1731666760847321
349.357;0.17308395952875208
349.695;0.17303372932584482
350.032;0.17297525773041866
350.37;0.17290690856937915
350.707;0.1728358299390422
351.045;0.17281235038917075
351.382;0.17281995644626882
351.72;0.1728250383233555
352.057;0.17285399446942798
352.395;0.1728709028840703
352.732;0.17285542940643436
353.07;0.17284439116509873
353.407;0.1728605935880606
353.744;0.1729151300253598
354.082;0.1729635072109511
354.419;0.1730491668450182
354.757;0.17312401247199077
355.094;0.17320665738002788
355.431;0.17332026749342022
355.769;0.1734326516604506
356.106;0.1735475989486258
356.443;0.1736489112741832
356.781;0.1737180033838716
357.118;0.1737896061683587
357.455;0.1738369364242577
357.793;0.17385556594607646
358.13;0.17384359263233584
358.467;0.17381970780111994
358.804;0.17378030139560002
359.142;0.17373072384056937
359.479;0.17368638026844654
359.816;0.17369382951974272
360.153;0.17369262871654487
360.49;0.17364296766680135
360.828;0.17358072873424257
361.165;0.17353801073624617
361.502;0.17343119376504554
361.839;0.1733165339981261
362.176;0.17319565149194172
362.513;0.17308457890422416
362.85;0.1730021377018607
363.187;0.17294154062315778
363.525;0.17289263999538115
363.862;0.17285174557042984
364.199;0.17284061015843416
364.536;0.17286130684201262
364.873;0.1729122181074985
365.21;0.17297727771613616
365.547;0.17307641316081818
365.884;0.1731890116639182
366.221;0.17331291730800016
366.558;0.17343848966959058
366.895;0.17353741791478788
367.232;0.1735766129575438
367.569;0.17363097729210358
367.906;0.1737032889916677
368.243;0.17378381795936892
368.58;0.17386544463363865
368.916;0.17395970521780216
369.253;0.17407237549930163
369.59;0.1741817199030809
369.927;0.17429652650013286
370.264;0.1744000766121954
370.601;0.17448971634012356
370.938;0.17458621064951657
371.275;0.17470321100702157
371.611;0.1747978340893765
371.948;0.17487623671677077
372.285;0.1749892244003059
372.622;0.17507114953067607
372.958;0.17521834479693973
373.295;0.1753532546388466
373.632;0.17549620371017677
373.969;0.17563093723820844
374.305;0.17584159349777964
374.642;0.17605682296954012
374.979;0.17625506130135674
375.316;0.176443636738484
375.652;0.17666180027375725
375.989;0.17688656943256453
376.326;0.17706800068900497
376.662;0.17720875188684437
376.999;0.17734618133550764
377.336;0.17748491558407367
377.672;0.17762303172395794
378.009;0.17775078991180188
378.345;0.17783103459869876
378.682;0.17793113477035447
379.019;0.1780535984702715
379.355;0.1781316479150819
379.692;0.17821853146944752
380.028;0.17824841508062786
380.365;0.17830376138837875
380.701;0.17834828179848852
381.038;0.17840961964904462
381.374;0.1784903659580059
381.711;0.17855980049385495
382.047;0.17862344539623565
382.384;0.178649467133969
382.72;0.17863526379686412
383.056;0.17862093810603943
383.393;0.17864860553930753
383.729;0.17869720324846602
384.066;0.1787373491138015
384.402;0.1787701667067918
384.738;0.17879346753729614
385.075;0.1787795124456751
385.411;0.17876458167569093
385.748;0.17871840672520126
386.084;0.1786714782401579
386.42;0.17864094982922704
386.757;0.17978182521867073
387.093;0.1808597406969376
387.429;0.18187331096519543
387.765;0.18284730223111412
388.102;0.18377075381080818
388.438;0.18459957644307276
388.774;0.1854019058583962
389.11;0.18617700080430724
389.447;0.18691055291303207
389.783;0.18758916164955663
390.119;0.18821469759202605
390.455;0.1887852369875806
390.791;0.18933747437955778
391.128;0.18983744619489662
391.464;0.1902868970641775
391.8;0.1907124761302025
392.136;0.19109588876523678
392.472;0.19140932612901904
392.808;0.19170636484415582
393.144;0.191967969528236
393.48;0.19216304409540003
393.816;0.19229873846437648
394.152;0.19238006849461342
394.489;0.19242432676174276
394.825;0.19244244115809594
395.161;0.19241114038442703
395.497;0.19234053633509884
395.833;0.1922183418135828
396.169;0.19205559403572628
396.505;0.19183815880926763
396.841;0.19157727276106978
397.176;0.19130790057507857
397.512;0.1910547113683773
397.848;0.19075387699126853
398.184;0.19040088013470782
398.52;0.19002520877252804
398.856;0.18959964746312957
399.192;0.18913598537379966
399.528;0.1886562920822956
399.864;0.18817373489697015
400.2;0.18766488663012726
400.535;0.18712011572057305
400.871;0.18654508569248374
401.207;0.1859293677111659
401.543;0.18529671014063698
401.879;0.18462483243742966
402.214;0.1839769635443613
402.55;0.18332054204337148
402.886;0.1826428483556923
403.222;0.18193171008033698
403.557;0.1812048282243716
403.893;0.18047762040006404
404.229;0.1797243494827888
404.565;0.17889471289252112
404.9;0.17802590432129603
405.236;0.17715572409134578
405.572;0.1762819601863255
405.907;0.17540368450866328
406.243;0.17448614397618573
406.579;0.17354384080876012
406.914;0.17254442887178778
407.25;0.1715105990240847
407.585;0.17044809925098658
407.921;0.16936747364232302
408.257;0.16827225545170124
408.592;0.16714002289613755
408.928;0.16595928722466052
409.263;0.1647029372230326
409.599;0.1634330936782038
409.934;0.16212766554466793
410.27;0.1608080566414962
410.605;0.1594889972098882
410.941;0.158139725368864
411.276;0.15676125299850435
411.612;0.15536835891692063
411.947;0.15396282631307376
412.283;0.1525579330609422
412.618;0.15109958773463544
412.953;0.14959460691148144
413.289;0.14810302417277663
413.624;0.1466085728512139
413.96;0.14510444466035796
414.295;0.1435900991138358
414.63;0.14207650378818112
414.966;0.14055396646212692
415.301;0.13901637046843762
415.636;0.1374772005165874
415.972;0.13596214816976782
416.307;0.13443922482051468
416.642;0.13289062725806952
416.977;0.1313291115629293
417.313;0.1297764196440932
417.648;0.1282108800933104
417.983;0.12663260806145288
418.318;0.12503407625254154
418.654;0.12343375000876974
418.989;0.12182556295364215
419.324;0.12018793658270639
419.659;0.11855862798210393
419.994;0.11696070072484976
420.33;0.11536092598611723
420.665;0.11374652497022408
421.0;0.11212756657804078
421.335;0.11051706520835977
421.67;0.10889370417825016
422.005;0.10726057185669408
422.34;0.10561960895975933
422.675;0.1039754242801149
423.01;0.10235767703944672
423.345;0.10073329289182463
423.681;0.09911592775380755
424.016;0.09752054186010921
424.351;0.09593182919846724
424.686;0.09435090751654356
425.021;0.0927929948436509
425.356;0.09125601612989996
425.691;0.08972210787065038
426.025;0.08818454506140547
426.36;0.08665522327837215
426.695;0.08514950879088198
427.03;0.08363537125889352
427.365;0.08211537277590292
427.7;0.08062129680537793
428.035;0.07913543999509828
428.37;0.07765862453806736
428.705;0.07622107823127454
429.04;0.07481128467859023
429.374;0.07343307990719905
429.709;0.07209152153231892
430.044;0.07072651277175374
430.379;0.06937374813091839
430.714;0.06804363424583786
431.048;0.06673642629232143
431.383;0.06540862328361796
431.718;0.06407398914961805
432.053;0.06275029987006091
432.387;0.0614398542425171
432.722;0.060133438887067125
433.057;0.05884628331627829
433.392;0.05757383178021045
433.726;0.05631343224329902
434.061;0.05505872860693153
434.396;0.053902651395592076
434.73;0.05277133259717065
435.065;0.05166012708488785
435.4;0.05055375329254661
435.734;0.049469589788331415
436.069;0.04841530956875165
436.403;0.04738622530967116
436.738;0.04634523606651141
437.073;0.04532953566030981
437.407;0.04435228170139934
437.742;0.04343319037429716
438.076;0.04252218135107398
438.411;0.0416368944710231
438.745;0.04081884288195222
439.08;0.040043970179161836
439.414;0.039293057621122944
439.749;0.0385912075571586
440.083;0.03792130776296303
440.418;0.0373038794640982
440.752;0.03670567337046669
441.086;0.03615066364434463
441.421;0.03555495837190638
441.755;0.034988266513789855
442.09;0.0344766241790708
442.424;0.034007081359988
442.758;0.03355315395395955
443.093;0.03312313196158707
443.427;0.03274875091480407
443.761;0.0324459099067985
444.096;0.0321773944799458
444.43;0.03194955297914101
444.764;0.031736161337258
445.099;0.03156709876618073
445.433;0.03147964446097862
445.767;0.03141459381678199
446.101;0.0313512415263511
446.436;0.031349678553999234
446.77;0.03139019588008913
447.104;0.031498859055781626
447.438;0.03162993150797552
447.773;0.03181337263429307
448.107;0.03204432601599097
448.441;0.03233710037539229
448.775;0.03267176620561502
449.109;0.03302834320904021
449.443;0.03347081082568072
449.777;0.034010632742703314
450.112;0.03459220015527618
450.446;0.03519218160504924
450.78;0.03582727801706573
451.114;0.03653112199487236
451.448;0.03727941418042793
451.782;0.03808136121157008
452.116;0.038988758533091895
452.45;0.039971115257432
452.784;0.041013112046068445
453.118;0.04212599116214305
453.452;0.04328782945282518
453.786;0.04328782945282518
454.12;0.04328782945282518
454.454;0.04328782945282518
454.788;0.04328782945282518
455.122;0.04328782945282518
455.456;0.04328782945282518
455.79;0.04328782945282518
456.123;0.04328782945282518
456.457;0.04328782945282518
456.791;0.04328782945282518
457.125;0.04328782945282518
457.459;0.04328782945282518
457.793;0.04328782945282518
458.127;0.04328782945282518
458.46;0.04328782945282518
458.794;0.04328782945282518
459.128;0.04328782945282518
459.462;0.04328782945282518
459.795;0.04328782945282518
460.129;0.04328782945282518
460.463;0.04328782945282518
460.797;0.04328782945282518
461.13;0.04328782945282518
461.464;0.04328782945282518
461.798;0.04328782945282518
462.131;0.04328782945282518
462.465;0.04328782945282518
462.799;0.04328782945282518
463.132;0.04328782945282518
463.466;0.04328782945282518
463.8;0.04328782945282518
464.133;0.04328782945282518
464.467;0.04328782945282518
464.8;0.04328782945282518
465.134;0.04328782945282518
465.468;0.04328782945282518
465.801;0.04328782945282518
466.135;0.04328782945282518
466.468;0.04328782945282518
466.802;0.03944650702642613
467.135;0.03581739330666589
467.469;0.032393994284674446
467.802;0.029170257232514332
468.136;0.026122535358883293
468.469;0.023265383606837994
468.802;0.020577758830484655
469.136;0.018054718645243824
469.469;0.01568718710716762
469.803;0.013497178048598154
470.136;0.011505070503485593
470.469;0.009671422618439274
470.803;0.007990381046679866
471.136;0.006470501786207531
471.469;0.0051194271255871225
471.803;0.003931671375448314
472.136;0.0028974958793403158
472.469;0.0020286380621337
472.803;0.0013196773856598602
473.136;0.0007568661605018076
473.469;0.00036258832331074645
473.803;0.0001068050489354337
474.136;0.0
474.469;4.311570932995558e-05
474.802;0.00021525620599894367
475.135;0.0005055603949796826
475.469;0.0009346957876285768
475.802;0.0015207806732246355
476.135;0.0022415913535854854
476.468;0.0031088369444147337
476.801;0.004115774020780058
477.134;0.005239945147603436
477.468;0.00648478894132919
477.801;0.007865303108261583
478.134;0.009382180886620966
478.467;0.011020698496332948
478.8;0.01278444624559871
479.133;0.014646515317805722
479.466;0.016633983714609998
479.799;0.01874921812145737
480.132;0.02095706461009134
480.465;0.02325915809187654
480.798;0.025690302180538364
481.131;0.028220629298620604
481.464;0.030864262113597666
481.797;0.033611748250657617
482.13;0.03648148971494545
482.463;0.03946467839229686
482.796;0.042507790680679856
483.129;0.04563617559074882
483.462;0.04886385330311042
483.794;0.05219919394212131
484.127;0.055627879594532
484.46;0.05917152384095667
484.793;0.06282103989760969
485.126;0.0665850822322919
485.459;0.07044182945859935
485.792;0.07436719008736073
486.124;0.07842380962290274
486.457;0.08256262018126803
486.79;0.08677231283356399
487.123;0.09107991609653976
487.455;0.0955003054254234
487.788;0.10000364708706522
488.121;0.10458382662661672
488.454;0.10923671172364498
488.786;0.1139868024937714
489.119;0.1188402744770924
489.452;0.12374174323551777
489.784;0.12872477665725388
490.117;0.1337871352058113
490.45;0.13893438714595185
490.782;0.14413043852206156
491.115;0.14939838644344
491.448;0.1547323149884073
491.78;0.16013070075204364
492.113;0.1655837510570307
492.445;0.1710928253783085
492.778;0.17668737462115675
493.11;0.18233137967678942
493.443;0.18803265039682754
493.775;0.19379767710687373
494.108;0.19962162407520406
494.44;0.2054836099151005
494.773;0.2114073635292916
495.105;0.21740290130599743
495.438;0.22347533893872334
495.77;0.2295883578959618
496.103;0.23571953019200842
496.435;0.24192400129100083
496.768;0.24820983371274927
497.1;0.2545286996151271
497.432;0.2608800376041726
497.765;0.2672916749528815
498.097;0.2737710702886124
498.429;0.2802948130695393
498.762;0.2868653822508318
499.094;0.2934950817561675
499.426;0.30019089393648263
499.759;0.306937194727049
500.091;0.3137269656855266
500.423;0.3205735397154305
500.756;0.3274904084786143
501.088;0.33448140534843057
501.42;0.34151172137959807
501.752;0.3485821351448305
502.085;0.3557054157897228
502.417;0.3628858134827296
502.749;0.3701065426837345
503.081;0.3773998610946313
503.413;0.38476129890081817
503.745;0.3921654975952449
504.078;0.3996474344376753
504.41;0.40715071176731404
504.742;0.4147033839291191
505.074;0.42230231536928303
505.406;0.4299083572539725
505.738;0.43756521141306026
506.07;0.44526381615682264
506.402;0.45299347320871575
506.734;0.46075300949750586
507.066;0.4685558417288191
507.398;0.47639914139251943
507.73;0.4842551326935494
508.062;0.49211136895014296
508.394;0.4999896138532447
508.726;0.5079028668642609
509.058;0.5157942028772118
509.39;0.523692423093364
509.722;0.5316017350479391
510.054;0.5395125071286709
510.386;0.5474064317240243
510.718;0.5552898465254626
511.05;0.5631577089244586
511.381;0.5710301722524992
511.713;0.578896130836005
512.045;0.5867389297413272
512.377;0.5945810986790817
512.709;0.6023994807354469
513.041;0.6101983990522236
513.372;0.6179723840574608
513.704;0.6257073794829466
514.036;0.6334030925433782
514.368;0.6410577455823495
514.699;0.6486742962624314
515.031;0.656262787135451
515.363;0.6638251240235075
515.695;0.6713313363383564
516.026;0.6787977085361908
516.358;0.6861976868735197
516.69;0.6935518534045342
517.021;0.7008458190496174
517.353;0.7080684223092569
517.685;0.7152194041069505
518.016;0.7222699268362784
518.348;0.7292760916477435
518.679;0.7361798969115934
519.011;0.7429977588562312
519.343;0.7497393603586723
519.674;0.7563747283349188
520.006;0.7628801856339399
520.337;0.7692929637887431
520.669;0.7756211308663538
521.0;0.7818472506753471
521.332;0.7879541481311734
521.663;0.7939508689276427
521.995;0.7998322867093027
522.326;0.8056078647422577
522.658;0.8112489639336716
522.989;0.8167648140048688
523.32;0.8221533174999939
523.652;0.8274076724562348
523.983;0.8325096609384638
524.315;0.8374664684194124
524.646;0.842293116481804
524.977;0.8470277945132776
525.309;0.8515903020157983
525.64;0.8560125649075822
525.971;0.8602924835300546
526.303;0.8644352632744526
526.634;0.8684190961728526
526.965;0.8722226897988435
527.296;0.8758504343291489
527.628;0.8793027100892038
527.959;0.8825626065515071
528.29;0.8856387125867313
528.621;0.8885186154298492
528.953;0.8911922909098614
529.284;0.893632303730081
529.615;0.8958525310439702
529.946;0.8978881782600341
530.277;0.8996971280627989
530.608;0.9012752651039895
530.939;0.9026258287961916
531.271;0.9037597590935563
531.602;0.9046703872029144
531.933;0.9053323692775973
532.264;0.9057540451627799
532.595;0.9059344680290703
532.926;0.9058282965555172
533.257;0.909439074549931
533.588;0.9129522862763636
533.919;0.9164237550196378
534.25;0.9198254159544816
534.581;0.9231626627111416
534.912;0.9264295859629926
535.243;0.9296669999083803
535.574;0.9328650800536539
535.905;0.9360187939172291
536.236;0.9391142289350919
536.567;0.9421522051355329
536.898;0.9451147694750537
537.229;0.948019529470096
537.559;0.9508721377608818
537.89;0.9536669470799292
538.221;0.9563866739641697
538.552;0.9590169562857093
538.883;0.9615649774047892
539.214;0.9640477960683184
539.544;0.9664562349079665
539.875;0.9687851735830488
540.206;0.9710979191128015
540.537;0.9733702485959571
540.867;0.9755662218445479
541.198;0.977656223889941
541.529;0.9796777080612016
541.86;0.9816296924824564
542.19;0.9834594181772474
542.521;0.9851857802197637
542.852;0.9868113024201128
543.182;0.988350163870598
543.513;0.9898193936665645
543.844;0.9912076907996229
544.174;0.9925012553354097
544.505;0.9936108359667672
544.835;0.9946349502858407
545.166;0.9955725811941547
545.497;0.9964420931439374
545.827;0.9972317594658451
546.158;0.9979175940695827
546.488;0.99853584295516
546.819;0.9991003979186434
547.149;0.9994482250673786
547.48;0.9997222469853146
547.81;0.9998935347373777
548.141;0.9999987966254865
548.471;1.0
548.802;0.9998981527375848
549.132;0.9997547256926324
549.462;0.9995526528990859
549.793;0.9993022457115787
550.123;0.9989924787130823
550.454;0.9985895029034654
550.784;0.9980833793937659
551.114;0.997501652571667
551.445;0.9968949991523641
551.775;0.9962060107281077
552.105;0.995438997684659
552.436;0.9945692919769252
552.766;0.9936202630785791
553.096;0.9926052212901244
553.426;0.9915073364169813
553.757;0.9903051375958067
554.087;0.9891393411127463
554.417;0.9878901473730142
554.747;0.9865820511925601
555.078;0.9851851374303712
555.408;0.9837014543779583
555.738;0.9821877833389806
556.068;0.9805945369977715
556.398;0.978940471683911
556.728;0.9771875516228641
557.058;0.9753737052926682
557.389;0.9734818448400551
557.719;0.9715442761259917
558.049;0.9695670121848816
558.379;0.9675498130639792
558.709;0.9654960062357282
559.039;0.963373586607022
559.369;0.9612129219930261
559.699;0.9590041137862813
560.029;0.9567428898217025
560.359;0.9544394660538276
560.689;0.952099964933978
561.019;0.9496345256185149
561.349;0.9471105541584885
561.679;0.9445485794791078
562.009;0.9420060014305315
562.339;0.9394741185560009
562.669;0.9368868940590989
562.999;0.9342078248557208
563.328;0.931523996725037
563.658;0.9288170221459765
563.988;0.9260801949140987
564.318;0.9233436986677319
564.648;0.9206122174436511
564.978;0.917864071989119
565.307;0.9151006170284155
565.637;0.9123256897770671
565.967;0.9095584128369688
566.297;0.9067952575018119
566.626;0.9040017716842924
566.956;0.9011553556423374
567.286;0.8982829155689834
567.616;0.8954293625870321
567.945;0.8926720407404216
568.275;0.8899187088514898
568.605;0.8871393528582975
568.934;0.8843422030130501
569.264;0.8815175359702598
569.594;0.87869054262094
569.923;0.875900876931942
570.253;0.873068661660264
570.582;0.8702865779833749
570.912;0.867500817093117
571.242;0.8647061597872441
571.571;0.8619390407012195
571.901;0.8591357995285116
572.23;0.8563258669797981
572.56;0.8534943757639246
572.889;0.8506305120306644
573.219;0.8477431138922297
573.548;0.8448720535621425
573.878;0.8420407422907199
574.207;0.8392408581712495
574.537;0.8364002489833842
574.866;0.8335472806270144
575.195;0.8307424813618025
575.525;0.8279234557789328
575.854;0.8251047426404047
576.184;0.8223157092672774
576.513;0.819530103798728
576.842;0.816763152056355
577.172;0.8140072666831784
577.501;0.8112366169771037
577.83;0.8084727082789435
578.16;0.805717259971525
578.489;0.802969028125734
578.818;0.800261049908907
579.147;0.7975753849787776
579.477;0.794893746692794
579.806;0.7922542964840122
580.135;0.7896623392045334
580.464;0.7870833537446748
580.793;0.7845315585611983
581.123;0.7819717596208409
581.452;0.7794589053133953
581.781;0.7769714937334238
582.11;0.7744842375900702
582.439;0.7720457817854942
582.768;0.7696344520762187
583.097;0.7672205105820806
583.427;0.7648018955019198
583.756;0.7624109610394454
584.085;0.760074906053932
584.414;0.7577293898607685
584.743;0.7554017625565129
585.072;0.7530628066618074
585.401;0.7507095274429466
585.73;0.7483676598145437
586.059;0.7460447982992534
586.388;0.7437254217871712
586.717;0.7414182173142881
587.046;0.7390825613936364
587.375;0.736754083513585
587.703;0.7343941722919731
588.032;0.7320411749626754
588.361;0.7296653233091045
588.69;0.7272754442328137
589.019;0.7248660471666972
589.348;0.7224545724994279
589.677;0.7200217406772409
590.006;0.7175772346642405
590.334;0.7151351752160384
590.663;0.7126657670518496
590.992;0.7101438325507622
591.321;0.7076195167138751
591.649;0.7050838415593563
591.978;0.7025393719164207
592.307;0.6999614003709583
592.636;0.6973190137423582
592.964;0.6946809159909549
593.293;0.6920666504699894
593.622;0.6894466862190608
593.95;0.6868443688357576
594.279;0.6841920143906314
594.608;0.6815826129149695
594.936;0.6789791841565713
595.265;0.6764006572488094
595.594;0.6738602911286441
595.922;0.6713145943976867
596.251;0.6687720771398996
596.579;0.6662350600174797
596.908;0.6637343893391044
597.236;0.6612720077560021
597.565;0.6588094797155901
597.893;0.6563428823476062
598.222;0.6538826271821927
598.55;0.6514324581568617
598.879;0.6490361408013609
599.207;0.6467148320051217
599.536;0.6444790998982414
599.864;0.642227246706435
600.193;0.6399664396432518
600.521;0.6377031330544931
600.849;0.635423062895614
601.178;0.6331880673719709
601.506;0.6309426405640584
601.835;0.6286782688641298
602.163;0.6264043625329806
602.491;0.6240619234635153
602.819;0.6217334389892392
603.148;0.6194231440230544
603.476;0.6170899957400852
603.804;0.614722433789713
604.133;0.6123412301660777
604.461;0.6099947220809185
604.789;0.6076688285340738
605.117;0.6053308762722499
605.446;0.6030053971738272
605.774;0.600651612363574
606.102;0.5982456036125336
606.43;0.5957987869871356
606.758;0.5933384313099863
607.086;0.5909122134602957
607.414;0.5884975455777547
607.743;0.586096257007113
608.071;0.5837058692266692
608.399;0.5813117221715057
608.727;0.5789321917266705
609.055;0.5765418050917014
609.383;0.5741843588910904
609.711;0.5718248433888781
610.039;0.5694557419619438
610.367;0.5671957045326703
610.695;0.5649593175664906
611.023;0.5627152055699574
611.351;0.560443447202068
611.679;0.5581494621051357
612.007;0.5558625497915991
612.335;0.5535379113392811
612.663;0.5512027344745715
612.991;0.5489755950777101
613.319;0.5467474207638492
613.646;0.5445470333304575
613.974;0.5423415129034362
614.302;0.5401446758242222
614.63;0.537953588318925
614.958;0.5357641581703814
615.286;0.5335663355639345
615.613;0.5313750462529075
615.941;0.5291730157140601
616.269;0.5269863105974507
616.597;0.5248080348907258
616.924;0.5226359059628322
617.252;0.5203740360065761
617.58;0.5180939236819337
617.908;0.5158439802150497
618.235;0.5136361556103398
618.563;0.5114409580272627
618.891;0.5092724344791769
619.218;0.5071177323747457
619.546;0.5049860951121311
619.873;0.5027389993936925
620.201;0.5005027939980389
620.529;0.4982500115984699
620.856;0.49601127722406074
621.184;0.49375398962713585
621.511;0.4914831998851786
621.839;0.4891901388428582
622.166;0.48692926499865863
622.494;0.4846635792417213
622.821;0.48240230920180055
623.149;0.4801487618845569
623.476;0.4778938243972093
623.804;0.47558164644849293
624.131;0.4732939120704562
624.459;0.47101660024062914
624.786;0.46875489879898397
625.114;0.4664870997991616
625.441;0.4642246022729938
625.768;0.4619724295194659
626.096;0.4597264364043548
626.423;0.45749695890765024
626.75;0.4553677797328935
627.078;0.4532818754239898
627.405;0.4512042061593206
627.732;0.449079356390644
628.06;0.4469767774646473
628.387;0.44490018286439204
628.714;0.4429234149547895
629.041;0.44096113621725774
629.369;0.439060310307769
629.696;0.43721577759222363
630.023;0.43537890918137806
630.35;0.43356827506324613
630.677;0.4318175978349157
631.005;0.43007850334233644
631.332;0.42836852836455347
631.659;0.42666946952629087
631.986;0.42497713495482525
632.313;0.42333861530765704
632.64;0.4217480064251332
632.967;0.4202057969171053
633.294;0.4186927421244009
633.621;0.41713121865683767
633.949;0.41558473623574266
634.276;0.4140821962560736
634.603;0.412637577794287
634.93;0.41121602451946654
635.257;0.40980135396130246
635.584;0.408375342174413
635.91;0.40696188359298385
636.237;0.40551510298203847
636.564;0.4040863083789641
636.891;0.40266753778373887
637.218;0.40123694666084064
637.545;0.39986281770480364
637.872;0.3985296223703302
638.199;0.3972405922644177
638.526;0.3959932974644492
638.853;0.39477213473281964
639.179;0.3935165736573995
639.506;0.39225299131636454
639.833;0.39098312811509806
640.16;0.38975331292885873
640.487;0.3885414211475781
640.813;0.3873377203650255
641.14;0.3861659895770035
641.467;0.3850112909458314
641.794;0.3838714684007315
642.12;0.38276259248435046
642.447;0.381652743246344
642.774;0.38057739831216475
643.1;0.3795212436295335
643.427;0.3784688545110982
643.754;0.377434910698167
644.08;0.37642734457656357
644.407;0.3754056260426966
644.733;0.3743730140436341
645.06;0.3733297774680369
645.387;0.3722828026087062
645.713;0.37122476086268036
646.04;0.3701887149825957
646.366;0.3691499238480794
646.693;0.3681131440393051
647.019;0.36702673758020987
647.346;0.3659119751742291
647.672;0.36476623029568495
647.999;0.3635780178111763
648.325;0.362369112377554
648.651;0.3611598548926289
648.978;0.35996763909110807
649.304;0.35873205772026473
649.631;0.3574773573987303
649.957;0.35622241786835734
650.283;0.354953170455648
650.61;0.35371077233778964
650.936;0.3524594194428868
651.262;0.3512134463379544
651.589;0.34995792596838593
651.915;0.3486851564562864
652.241;0.34738497128017076
652.568;0.3461026466967002
652.894;0.34483626182845517
653.22;0.34357095618273115
653.546;0.34228808509308306
653.873;0.341014788003997
654.199;0.3397763782732355
654.525;0.3385734504709775
654.851;0.33740402350667703
655.177;0.33623371677690844
655.503;0.3350959567613711
655.83;0.3339541059857561
656.156;0.3328604817592044
656.482;0.33176876339898626
656.808;0.33063068085553526
657.134;0.32951477786969613
657.46;0.32840633255819707
657.786;0.3273226757191002
658.112;0.3262654987336725
658.438;0.32523392111632043
658.764;0.3241993942160496
659.09;0.3231668078034907
659.416;0.322134596525265
659.742;0.32114722013349467
660.068;0.3201709866347741
660.394;0.3192211135155152
660.72;0.31828791368460907
661.046;0.3173215781482656
661.372;0.3163427243939901
661.698;0.31537961666243813
662.024;0.31443131031482957
662.349;0.3134583654118202
662.675;0.31247670022656426
663.001;0.3114891909015931
663.327;0.31052140496236635
663.653;0.3096107991691292
663.978;0.3086842455650478
664.304;0.30773960694023583
664.63;0.30679158241897825
664.956;0.3058232324780272
665.282;0.3048728149255299
665.607;0.303937645251116
665.933;0.30302788078714676
666.259;0.30214473605670245
666.584;0.30120870989944465
666.91;0.3002631832632944
667.236;0.29932992131955016
667.561;0.29841767856057333
667.887;0.29757197826345144
668.213;0.2967532293669071
668.538;0.29591439167299377
668.864;0.29511160307711515
669.189;0.29434223904620893
669.515;0.29359179561018295
669.84;0.2928391490557575
670.166;0.29207269264305163
670.491;0.29133503937518357
670.817;0.2906095326266734
671.142;0.28989108080011056
671.468;0.28909118188990257
671.793;0.2882962218475109
672.119;0.2874989825107608
672.444;0.2866932147277074
672.77;0.28587236917362835
673.095;0.2850466575616616
673.42;0.2842383930336902
673.746;0.2834602240494375
674.071;0.2826884409197796
674.397;0.2819308514657453
674.722;0.28114053832394165
675.047;0.28032957643640943
675.373;0.27951391316066454
675.698;0.27867033888244047
676.023;0.2778035808059391
676.348;0.27692891694133864
676.674;0.2760824399494923
676.999;0.2752466557130098
677.324;0.274408338847611
677.649;0.2736035076817845
677.974;0.2728040090644049
678.3;0.2720994637287022
678.625;0.271416649260081
678.95;0.270696118261567
679.275;0.2699772358314187
679.6;0.2692786503369731
679.925;0.26858862698741526
680.25;0.2678906767424585
680.576;0.26718524940835775
680.901;0.26648779499023545
681.226;0.26576560685915995
681.551;0.2650533986285533
681.876;0.2643422559049065
682.201;0.2636375250566323
682.526;0.2629626362234258
682.851;0.2623177653870412
683.176;0.26168900292816
683.501;0.26100546755275145
683.826;0.2603159238380258
684.151;0.25961652436398
684.476;0.2588999263411046
684.8;0.25819282500052426
685.125;0.257509144670272
685.45;0.25681836293634425
685.775;0.2561386515329886
686.1;0.2554679786250337
686.425;0.2548183037080326
686.75;0.25415540309805634
687.074;0.2535215432120488
687.399;0.25286342343743373
687.724;0.25222377153805253
688.049;0.251591152628149
688.373;0.2509813152812449
688.698;0.2504102692499393
689.023;0.24991039417898905
689.348;0.2493909899901966
689.672;0.24885831369487618
689.997;0.24829782633027067
690.322;0.24776438902420397
690.646;0.2472493343864339
690.971;0.24671508553792756
691.296;0.24622618960113057
691.62;0.2457447839244255
691.945;0.2452704832441106
692.269;0.24475970657804286
692.594;0.24427551706139364
692.919;0.2438411919917487
693.243;0.2433843213167473
693.568;0.24295518214783474
693.892;0.24251603132224395
694.217;0.24209151203084664
694.541;0.24166304007532988
694.866;0.24122443358502066
695.19;0.24076749893228735
695.514;0.24029158139869186
695.839;0.23977579569541502
696.163;0.23926379516459176
696.488;0.23874760182988877
696.812;0.23825109899087119
697.136;0.23774961096387018
697.461;0.23723080088463297
697.785;0.2367381019129632
698.11;0.2362014704662538
698.434;0.23565252007202453
698.758;0.23509237692628465
699.082;0.23449964917895505
699.407;0.23391478809982902
699.731;0.23329398650014072
700.055;0.23267949565682036
700.379;0.2320344270814001
700.704;0.23139389993380485
701.028;0.2307626288139146
701.352;0.23016005705674272
701.676;0.22956756420406493
702.0;0.22899246135273443
702.325;0.22843956481449432
702.649;0.2278757927516735
702.973;0.2273038106960751
703.297;0.22670190205475088
703.621;0.22610571229501378
703.945;0.2255286304799158
704.269;0.2250071832652883
704.593;0.22448391200364534
704.917;0.22398568814980724
705.241;0.22349475203038102
705.565;0.22300876573461478
705.889;0.2225799371086699
706.213;0.22214099193208284
706.537;0.22171927966215665
706.861;0.22128757920853964
707.185;0.22087391290812447
707.509;0.22046387876185108
707.833;0.22006896144016128
708.157;0.21966823464586502
708.481;0.21928215661231007
708.805;0.2188829911793221
709.128;0.2184357529177332
709.452;0.21799092225567848
709.776;0.217566761113875
710.1;0.21716622364855845
710.424;0.21675721508610118
710.748;0.21634579832888218
711.071;0.2159318500142967
711.395;0.21552371080507973
711.719;0.2151016166146714
712.042;0.21468006973221043
712.366;0.21425920041237617
712.69;0.21386651615397662
713.014;0.2134769598937497
713.337;0.21308820849926263
713.661;0.21269241015305065
713.985;0.21229038378905146
714.308;0.21190755724080582
714.632;0.21147827644993994
714.955;0.21101586640284586
715.279;0.21055983604703063
715.603;0.2101149291059246
715.926;0.20971227660068
716.25;0.20930450040977772
716.573;0.20888773847141123
716.897;0.2084163809210122
717.22;0.20794769203537902
717.544;0.2074866561959722
717.867;0.20697395560342638
718.191;0.20648689474847368
718.514;0.20602753246722913
718.837;0.20557900964989906
719.161;0.2051150238548058
719.484;0.20464793871247502
719.808;0.20416638445841176
720.131;0.2037002419834933
720.454;0.2032157882506083
720.778;0.20276546950584867
721.101;0.20229137504093025
721.424;0.20184800925668397
721.748;0.20148241615619644
722.071;0.2010990911265942
722.394;0.20069777505877268
722.717;0.20028343723659234
723.041;0.19992117419782104
723.364;0.19958571642798112
723.687;0.19932667112645913
724.01;0.19908733670360088
724.334;0.19885817610855835
724.657;0.1986654802973782
724.98;0.1984241900898534
725.303;0.19818254660930001
725.626;0.1979376415731853
725.949;0.19771016110859133
726.272;0.1975027048706258
726.595;0.1972910892466826
726.919;0.19708302766199626
727.242;0.1969326899930275
727.565;0.19675239153112603
727.888;0.19660650432476962
728.211;0.19646051697314287
728.534;0.19627255582163255
728.857;0.19610836203208667
729.18;0.1959714179275121
729.503;0.19585139122289474
729.826;0.19569032921326154
730.148;0.1954835531997578
730.471;0.19529032818061268
730.794;0.19508192799229035
731.117;0.19488020868696548
731.44;0.19468460129714163
731.763;0.1945340126438715
732.086;0.19438834053687967
732.409;0.1942430574018118
732.731;0.19410773745300106
733.054;0.19394959747396953
733.377;0.19382137607071168
733.7;0.19366831777879476
734.022;0.19349617584191678
734.345;0.19332564663538504
734.668;0.19312808312089622
734.991;0.19294666052892706
735.313;0.19274458566371339
735.636;0.19253252566590323
735.959;0.19229211503820445
736.281;0.19214885573874294
736.604;0.1920258310543912
736.927;0.19193601964751883
737.249;0.1918659387875813
737.572;0.19181878553904957
737.894;0.19176393898644223
738.217;0.19169433038994835
738.54;0.19158240324525816
738.862;0.1914390447973705
739.185;0.1912841973885374
739.507;0.19112379447607247
739.83;0.19097418252913834
740.152;0.19084948691961567
740.475;0.1907595784859021
740.797;0.19068363229914162
741.119;0.1906110835561505
741.442;0.19056423472675044
741.764;0.19053239181299414
742.087;0.19049516405728034
742.409;0.19045763954076345
742.731;0.19044614284933528
743.054;0.19034775340373156
743.376;0.19020645697877836
743.698;0.19009519345400427
744.021;0.18995068678642718
744.343;0.18979731673031583
744.665;0.18964053874190515
744.988;0.1894960802596958
745.31;0.18941774776801393
745.632;0.18934110291233205
745.954;0.18926922827914128
746.277;0.18919719425854542
746.599;0.18913000037104674
746.921;0.18905525264420825
747.243;0.18896166780408952
747.565;0.18883886340864253
747.887;0.18871155794884617
748.21;0.1885939934197547
748.532;0.18846467656831065
748.854;0.18830929906535598
749.176;0.18814630380638264
749.498;0.18798674843115065
749.82;0.1878255541396443
750.142;0.187690859951836
750.464;0.1875488500821527
750.786;0.18742382346582104
751.108;0.18729843113816955
751.43;0.18719237830599153
751.752;0.18709802020833607
752.074;0.1869690345952887
752.396;0.1868511269294013
752.718;0.18675841827394407
753.04;0.18665301763371328
753.361;0.1865332484785041
753.683;0.1863838814633175
754.005;0.18624386105988344
754.327;0.18608868915801804
754.649;0.18596046133737823
754.971;0.1858292636907846
755.293;0.18569747407097142
755.614;0.18562936965019533
755.936;0.18557175367205644
756.258;0.18550830436070917
756.58;0.18543098464847707
756.901;0.18538986499726895
757.223;0.18534547544632385
757.545;0.18528841678439262
757.866;0.18518362598409696
758.188;0.1850595961352215
758.51;0.18490884442040298
758.831;0.18478169714317141
759.153;0.18463768377321943
759.475;0.18445384221016298
759.796;0.1842959841668401
760.118;0.1841323450819999
760.439;0.18397431000079592
760.761;0.18381308406764776
761.082;0.1836946603072308
761.404;0.18356627493642386
761.726;0.1834264962974214
762.047;0.18331465807462996
762.368;0.18320933985300003
762.69;0.18312053534132372
763.011;0.1830221806664276
763.333;0.18291276573813384
763.654;0.1828400605994166
763.976;0.18276500133464466
764.297;0.18271131602367877
764.618;0.1827232151511844
764.94;0.18277527380236422
765.261;0.18284173488358751
765.583;0.18290562459617576
765.904;0.18297611684043585
766.225;0.18307667010376247
766.546;0.18316430298657355
766.868;0.1832578581429478
767.189;0.18336454754993115
767.51;0.18348332293018563
767.831;0.18361973126035083
768.153;0.1836844599809607
768.474;0.18375632724339466
768.795;0.18378056553787694
769.116;0.18378094125022781
769.437;0.1837580551688047
769.759;0.18375071393049114
770.08;0.18374464675485186
770.401;0.1836729313927278
770.722;0.18357952594979576
771.043;0.18344016485078646
771.364;0.1832924822100084
771.685;0.1831219460074202
772.006;0.18294430861493655
772.327;0.1827399241406429
772.648;0.18254533380283944
772.969;0.18235020894299886
773.29;0.1821606224878073
773.611;0.18199374101448332
773.932;0.18182001080126048
774.253;0.18162214273826352
774.574;0.18142461516749564
774.895;0.18128986979939174
775.216;0.18114714936788917
775.537;0.18099518165212178
775.858;0.18082082951945086
776.178;0.18065064846038517
776.499;0.18045710923469932
776.82;0.18027315440733638
777.141;0.18001801993950775
777.462;0.17978465792099596
777.782;0.17956513473632515
778.103;0.17935690045390434
778.424;0.17914076198557785
778.745;0.17889948036901504
779.065;0.17870475197131783
779.386;0.17849960799161976
779.707;0.1782778445723305
780.027;0.17804022799941968
780.348;0.17777646756313703
780.669;0.17749695894237572
780.989;0.17722830245567422
781.31;0.17701194781502905
781.631;0.17681947344083743
781.951;0.17662117429849755
782.272;0.17645847736086337
782.592;0.1763115781223141
782.913;0.1761671512341892
783.233;0.17603432870695307
783.554;0.1759185754628243
783.874;0.1758450897268924
784.195;0.17577977996615374
784.515;0.1757252579582414
784.836;0.1756755690922727
785.156;0.17562182678276278
785.477;0.17562084150497645
785.797;0.17558912154121473
786.117;0.1755859260273242
786.438;0.1756103047114225
786.758;0.17564351036124515
787.079;0.17570052507299336
787.399;0.17577307655009863
787.719;0.1758406976775712
788.039;0.17583608679162055
788.36;0.17578798988691813
788.68;0.17574299679171332
789.0;0.17567658819119739
789.321;0.17563120949597394
789.641;0.1756031919456921
789.961;0.17558579785395165
790.281;0.17558486486048555
790.601;0.17561852947416706
790.922;0.17565927900869283
791.242;0.17570496747102418
791.562;0.17562655775101285
791.882;0.1755370947127156
792.202;0.17540966625751941
792.522;0.17529551221793238
792.842;0.17517508645296548
793.162;0.1750406774496434
793.482;0.17491268501975515
793.802;0.17477139773872763
794.122;0.17462084825242014
794.442;0.17449086347417783
794.762;0.17436632516400527
795.082;0.17425180745765087
795.402;0.17413696634308465
795.722;0.17404254135851116
796.042;0.17394766203839515
796.362;0.17383818884722696
796.682;0.17371858807325566
797.002;0.17357536289442027
797.322;0.17341994205728525
797.642;0.1732450773386871
797.962;0.173075424228109
798.281;0.1730223659519409
798.601;0.17300046174797903
798.921;0.17298038278638253
799.241;0.17293541703903387
799.561;0.17289629484286168
799.88;0.1728610998679248
800.2;0.17285115369957954
800.52;0.172843767741273
800.839;0.17281829517501715
801.159;0.1727708181956178
801.479;0.1726969557590913
801.799;0.17263819309837347
802.118;0.17258882170911288
802.438;0.17253273641311506
802.757;0.1724901114163169
803.077;0.17248205511730225
803.397;0.17251116966787156
803.716;0.17252507711539683
804.036;0.1725589901177495
804.355;0.17256668419480947
804.675;0.17256670082678605
804.994;0.17254532240124684
805.314;0.17251978783227528
805.633;0.17249094534020906
805.953;0.17246842844738847
806.272;0.172433907030468
806.592;0.1723858013768163
806.911;0.17230154571397227
807.231;0.17222179467073162
807.55;0.17219314217542667
807.869;0.17213787761858684
808.189;0.172126167285545
808.508;0.1721281578132557
808.827;0.17212536189281818
809.147;0.17214123084225202
809.466;0.172135574766372
809.785;0.1720951660679376
810.105;0.17203890838960653
810.424;0.17196941115690162
810.743;0.17189927249049283
811.062;0.1718309976848773
811.382;0.1717779434191031
811.701;0.17174674956718933
812.02;0.17169624924914256
812.339;0.1716579547004993
812.658;0.17163730386364948
812.977;0.17164974236260921
813.296;0.17169997887861763
813.616;0.17174171242627512
813.935;0.17178690218789427
814.254;0.17184252830243923
814.573;0.17193835956657696
814.892;0.17201911405420603
815.211;0.17210359180027238
815.53;0.1721794913645196
815.849;0.17225418319427957
816.168;0.1723623671606468
816.487;0.1724761887030328
816.806;0.17259181102164237
817.125;0.17273265770082818
817.444;0.1728504435434815
817.763;0.1729961629553268
818.082;0.17312208492442804
818.4;0.17327818214881677
818.719;0.17345339751065952
819.038;0.17362829558927304
819.357;0.17379511433044886
819.676;0.17392663847169035
819.995;0.17402429282315304
820.313;0.17415888752902667
820.632;0.17428402019267372
820.951;0.17438755336227796
821.27;0.17445650086334508
821.588;0.17452195053815037
821.907;0.1746336749535767
822.226;0.174751208762317
822.545;0.17486909042189408
822.863;0.1749536824565751
823.182;0.17502499112436906
823.501;0.1751300705492139
823.819;0.17522882133870968
824.138;0.1753462495340926
824.456;0.17546543861663377
824.775;0.17557490345591484
825.093;0.17565226951217142
825.412;0.1756895742450155
825.731;0.17575027033283833
826.049;0.17578021637374514
826.368;0.17578506907169344
826.686;0.17579899586549055
827.005;0.17581167225036531
827.323;0.17582326537131282
827.641;0.1758476576241278
827.96;0.1758816416911203
828.278;0.17590341611731433
828.597;0.17586636878484888
828.915;0.17582523016304977
829.233;0.17574468360468692
829.552;0.17565147069690779
829.87;0.17553488416019639
830.188;0.17535963861480341
830.507;0.17519204613335357
830.825;0.17500930708062834
831.143;0.17482024869501564
831.462;0.1746367816363207
831.78;0.17440878429870332
832.098;0.17426966568018745
832.416;0.1741000591560412
832.735;0.17395434071958363
833.053;0.1738258540917039
833.371;0.17369940934032943
833.689;0.17354210243450838
834.007;0.17335910399024274
834.325;0.17313500340883017
834.643;0.17294163508376084
834.961;0.17277606103319315
835.28;0.17259763508996617
835.598;0.17243465341335443
835.916;0.17227978629377858
836.234;0.17212211327183874
836.552;0.17200675549246963
836.87;0.17186890532069168
837.188;0.17174075252737886
837.506;0.17163034228150228
837.824;0.17151803530145152
838.142;0.17141579395477125
838.46;0.17133496361899936
838.777;0.17120710062016595
839.095;0.17107553793961502
839.413;0.17092220709506506
839.731;0.17077751578830092
840.049;0.17064960459140247
840.367;0.1705547590810238
840.685;0.17049377209060843
841.002;0.17051252231623842
841.32;0.17050611020095163
841.638;0.17048383256983704
841.956;0.17048112590972597
842.273;0.17047119783242967
842.591;0.1704792839115252
842.909;0.17049439306736805
843.227;0.17052239808311337
843.544;0.1705865019033412
843.862;0.1706321022620635
844.18;0.1706810296163171
844.497;0.1707450497745461
844.815;0.17080692971004532
845.132;0.17089519422074473
845.45;0.17094151823457046
845.768;0.17100937513243936
846.085;0.1710771505799153
846.403;0.1711443063331444
846.72;0.17119426366873197
847.038;0.1712162496117217
847.355;0.17123600744256812
847.673;0.1712077707917266
847.99;0.1711694134331383
848.308;0.17114015455406525
848.625;0.1710983357862165
848.943;0.17104459229308164
849.26;0.17098804424909197
849.577;0.17093675278650008
849.895;0.17085031260530983
850.212;0.1707347771261117
850.529;0.17063254491063484
850.847;0.17051587448971856
851.164;0.17036940503878426
851.481;0.17021318824374349
851.799;0.1700609327120772
852.116;0.16997123472938513
852.433;0.1698680042642453
852.75;0.16979579013655868
853.068;0.169707663361759
853.385;0.16958561210342937
853.702;0.16945743204003252
854.019;0.1693204103716505
854.336;0.16914243434033846
854.653;0.16896971030477903
854.971;0.16877760759291446
855.288;0.16866369594532885
855.605;0.16856343780189656
855.922;0.16845170178968624
856.239;0.16832911374970733
856.556;0.16820417156230935
856.873;0.16811645096678568
857.19;0.16803464367145118
857.507;0.16794008311591557
857.824;0.16787391932636359
858.141;0.16782388860894495
858.458;0.16772306527482017
858.775;0.16763016377697731
859.092;0.16754540521540645
859.409;0.1674599321182519
859.726;0.16737425024253755
860.043;0.16731205429272653
860.359;0.16726240593394448
860.676;0.16722239321997745
860.993;0.16720893380068524
861.31;0.16719514055576754
861.627;0.167187152737737
861.944;0.16712108871730053
862.26;0.1670311949551401
862.577;0.16697286452682653
862.894;0.16691728296675012
863.211;0.166794170100768
863.527;0.16665811696032004
863.844;0.16651180878309005
864.161;0.16636607565426317
864.477;0.16624405954277913
864.794;0.16613236213650673
865.111;0.16607728417724177
865.427;0.16596275112219588
865.744;0.16582317862346024
866.06;0.16567889783664227
866.377;0.16555675109755638
866.693;0.16545937223048285
867.01;0.16536038616231952
867.327;0.16528326890089562
867.643;0.1652124807447439
867.96;0.16518131569624342
868.276;0.16517324092208094
868.593;0.16514715313237244
868.909;0.16511623298168202
869.225;0.16507861605222254
869.542;0.16504298081486912
869.858;0.16509655185020042
870.175;0.16518797866194299
870.491;0.1652850174668067
870.807;0.16538553560038952
871.124;0.16545462124733223
871.44;0.16553438024582132
871.756;0.16559825051280994
872.073;0.16567788805668243
872.389;0.16578455891488417
872.705;0.1658666772268819
873.021;0.16590747802169395
873.338;0.16593046158124258
873.654;0.16598076106497564
873.97;0.16602652642498664
874.286;0.16607990329278208
874.602;0.16612803251498487
874.918;0.16616893806609886
875.235;0.16622668738553645
875.551;0.16633821369734786
875.867;0.16644500508546006
876.183;0.16657536384715937
876.499;0.16670657854224527
876.815;0.16683010358519523
877.131;0.1669842684810193
877.447;0.16714636420142404
877.763;0.16729742979970375
878.079;0.16743237951038317
878.395;0.167543076563955
878.711;0.167656079682704
879.027;0.16777347168486195
879.343;0.16790206528482982
879.659;0.16805236844364685
879.975;0.16820817128639878
880.291;0.1683317164073879
880.607;0.16843784730007919
880.922;0.16853111930011605
881.238;0.16862392413687655
881.554;0.16868888973103494
881.87;0.16875353883870603
882.186;0.16877428077183226
882.501;0.16880137081066243
882.817;0.16882372344060112
883.133;0.16883486277324444
883.449;0.16883157118072736
883.764;0.1687934393963799
884.08;0.16876580810486547
884.396;0.1687106089225468
884.711;0.16864664033639043
885.027;0.1685889442291782
885.343;0.16853496693998976
885.658;0.16847024071355482
885.974;0.1684186176702077
886.29;0.1683563132469142
886.605;0.16830089040833954
886.921;0.1682382148264884
887.236;0.16817690409728628
887.552;0.16810836267448878
887.867;0.1680203922081533
888.183;0.16796176857962553
888.498;0.1678815634481609
888.814;0.16784985273537276
889.129;0.1677921730964577
889.445;0.16773356623213317
889.76;0.16772140957494722
890.075;0.16767759902595977
890.391;0.16760972164332524
890.706;0.16753791679912564
891.021;0.16747968562784002
891.337;0.16742276731898628
891.652;0.16738120285298913
891.967;0.16733607364980496
892.283;0.1672971798524162
892.598;0.1672730107446174
892.913;0.16728303038981704
893.229;0.16731027254956718
893.544;0.1673773866182415
893.859;0.16745282022580613
894.174;0.1675520638078944
894.489;0.1676447727273314
894.804;0.1677104684681405
895.12;0.16780896103589316
895.435;0.16786828523677666
895.75;0.1679269499190483
896.065;0.16797138244947532
896.38;0.16796751924015021
896.695;0.1679633900725824
897.01;0.16798017913515548
897.325;0.16802479468701204
897.64;0.1681301477476567
897.955;0.16822035265790108
898.27;0.16831438699135817
898.585;0.16843430096177214
898.9;0.16853949662137876
899.215;0.16864363415624148
899.53;0.16872555504781206
899.845;0.1687792110964603
900.16;0.16883381709351467
900.475;0.1688535686847355
900.79;0.16885932021568592
901.104;0.16886732677743105
901.419;0.16888516243450122
901.734;0.168894878082071
902.049;0.16888545509703332
902.364;0.1689089928939654
902.678;0.1689627477051796
902.993;0.16901272954920635
903.308;0.16906938599946814
903.623;0.16913666354648915
903.937;0.1691804419379496
904.252;0.16920170348127977
904.567;0.16925992747283572
904.881;0.16930878618665537
905.196;0.1693226290280318
905.511;0.1693174107611617
905.825;0.16930940465872807
906.14;0.16932295520040636
906.454;0.16934929032955667
906.769;0.16927869736629628
907.084;0.16922493174712114
907.398;0.1691628168732186
907.713;0.16909917321192547
908.027;0.16903795170388547
908.342;0.16893637362891264
908.656;0.16885541579834407
908.97;0.168743442967846
909.285;0.1686289191337669
909.599;0.16850536009529574
909.914;0.1683819336361164
910.228;0.1682826231511716
910.542;0.16818739140739583
910.857;0.16808525623849618
911.171;0.16799055005490915
911.485;0.16787120285220208
911.8;0.1677751231801474
912.114;0.16772349387832794
912.428;0.16765853665960687
912.743;0.16758941288566548
913.057;0.16751928619115658
913.371;0.16754391210951877
913.685;0.16758795905317309
913.999;0.16763123971905972
914.314;0.16769074467261127
914.628;0.1677393946672866
914.942;0.16780691200166287
915.256;0.1678682424534493
915.57;0.16793187493110862
915.884;0.1679479844637589
916.198;0.16801194164265446
916.512;0.16810038033371932
916.827;0.16817177800986785
917.141;0.1682321697801304
917.455;0.16829980431191743
917.769;0.16835443847604822
918.083;0.16844545440417133
918.397;0.16852110729241201
918.711;0.1685893405949107
919.024;0.16864536093536278
919.338;0.1687023350392333
919.652;0.16872846870808728
919.966;0.16874428003010272
920.28;0.16872912093723763
920.594;0.16873013561305006
920.908;0.1687374674606678
921.222;0.16877097102935756
921.535;0.16885653692829855
921.849;0.16894825281416254
922.163;0.16904418156550008
922.477;0.16914550545887336
922.79;0.16922052635302615
923.104;0.16927978961749177
923.418;0.16931953631658472
923.732;0.16936076332584132
924.045;0.16937243289394044
924.359;0.16937582341429835
924.673;0.16937061920989252
924.986;0.16934517846686598
925.3;0.16931539875811513
925.614;0.1692846361193499
925.927;0.16926121763376026
926.241;0.16932804398474188
926.554;0.16940187763735
926.868;0.16951413614226798
927.181;0.169641559678161
927.495;0.16974770524230587
927.808;0.16983866026072728
928.122;0.16988347505885618
928.435;0.16997052863346573
928.749;0.17009184587157225
929.062;0.170237294264621
929.376;0.17039322586126465
929.689;0.17055058402296785
930.002;0.1707167135129835
930.316;0.1708584870849262
930.629;0.17101993979768726
930.942;0.17118042900263278
931.256;0.1713291539771206
931.569;0.1714974241136946
931.882;0.1716881067098334
932.195;0.17189500910033947
932.509;0.17206320494031527
932.822;0.17217682706190499
933.135;0.1722564319694275
933.448;0.17233380245618385
933.762;0.17240346623227357
934.075;0.17248766223717374
934.388;0.17258358152435635
934.701;0.17267982866432743
935.014;0.17275856975873483
935.327;0.17281368631472235
935.64;0.17288299069452137
935.953;0.1729859530229775
936.266;0.17308530632761346
936.58;0.17315397197876323
936.893;0.17324283772221516
937.206;0.17334253454718934
937.519;0.17343542807101156
937.832;0.17353276124614442
938.144;0.17363442740056115
938.457;0.17370780011540835
938.77;0.17378912649707118
939.083;0.17391113259980423
939.396;0.17399651473598357
939.709;0.17408005526544026
940.022;0.17414660575360938
940.335;0.17421620412084982
940.648;0.1742476222603956
940.96;0.17428278077089024
941.273;0.17434189537199893
941.586;0.17439223941594262
941.899;0.17443320889748834
942.211;0.17445770124457607
942.524;0.1744338604390966
942.837;0.17438146932125445
943.15;0.17436779575726913
943.462;0.17436758834009877
943.775;0.1743757468257123
944.088;0.17439064351571368
944.4;0.17442646312302268
944.713;0.17446198664368362
945.025;0.17448326430185052
945.338;0.1744900911906826
945.651;0.17447488251302604
945.963;0.17449620434767868
946.276;0.1745284087972603
946.588;0.17455768982320655
946.901;0.1745395410189965
947.213;0.17459275942081035
947.526;0.17464359229759283
947.838;0.1746553321232105
948.151;0.1746393492733244
948.463;0.17462933248704496
948.775;0.17460942033669383
949.088;0.17457333832561547
949.4;0.17457133225364066
949.713;0.17456052824779297
950.025;0.17452950156804733
950.337;0.1744772580333618
950.65;0.17441506086279732
950.962;0.17434810873422102
951.274;0.17426956791994194
951.586;0.17420480956141635
951.899;0.17414238222793257
952.211;0.17407017103293282
952.523;0.1739839968338594
952.835;0.17393026807046347
953.147;0.1738974121813853
953.46;0.17392111249170517
953.772;0.1739220680484605
954.084;0.17392219508792595
954.396;0.1739270682394447
954.708;0.17393162685432959
955.02;0.17394598028866812
955.332;0.17395809221245723
955.644;0.17397735848052231
955.956;0.1739797395821339
956.268;0.1739590270166364
956.58;0.17392837337204164
956.892;0.17387733099718897
957.204;0.17381111211939138
957.516;0.17374326845775281
957.828;0.17368064310701029
958.14;0.17361216811963873
958.452;0.1735403726602514
958.764;0.17348664851123613
959.076;0.1734500943575147
959.388;0.17339630529658873
959.699;0.17332566686159923
960.011;0.17323659458326943
960.323;0.1731274665607025
960.635;0.17300520751845488
960.947;0.1728861284322967
961.258;0.1727493165099679
961.57;0.17260314669636548
961.882;0.1724522611838951
962.194;0.17233156251865997
962.505;0.17223064007589636
962.817;0.17213097323083065
963.129;0.1720717165905216
963.44;0.17203322335038973
963.752;0.1720256529739053
964.063;0.17200953379960934
964.375;0.17200015174156516
964.687;0.17201582853651298
964.998;0.17202895530723145
965.31;0.172048117338885
965.621;0.1720704790915344
965.933;0.17207628039645909
966.244;0.17205747885479183
966.556;0.17202243945103418
966.867;0.17198221890194354
967.179;0.17194285652590766
967.49;0.171922162231858
967.801;0.1719205539677856
968.113;0.171922084174951
968.424;0.1719207628109464
968.736;0.17187984578717289
969.047;0.17181335788176524
969.358;0.17182801799908562
969.67;0.1718160250129773
969.981;0.1717984436081073
970.292;0.1717657108244514
970.603;0.17173744505003413
970.915;0.17173415286843835
971.226;0.1717146313878761
971.537;0.17171145782210318
971.848;0.17171713326325969
972.16;0.1717269918870344
972.471;0.1717704106160885
972.782;0.1718249235861506
973.093;0.17186467030322614
973.404;0.1718926807433651
973.715;0.1718950453786075
974.026;0.17191260766870212
974.337;0.17195356991638774
974.648;0.17197318437806347
974.959;0.17200677808038928
975.27;0.17205508074907092
975.581;0.17213867268909788
975.892;0.1721680604477662
976.203;0.17219414114913706
976.514;0.17222727312157154
976.825;0.17225204770766994
977.136;0.17228125446717435
977.447;0.1722822996746126
977.758;0.17227401051744634
978.069;0.1722534430095439
978.38;0.1722331756396849
978.691;0.17217003669897502
979.001;0.17208299667308863
979.312;0.17199276108155778
979.623;0.17191576778931772
979.934;0.17183720116215737
980.244;0.17178653046070028
980.555;0.17169991331350132
980.866;0.17161040778269726
981.177;0.17153703739471396
981.487;0.17148448273498781
981.798;0.17143996619673824
982.109;0.1714296066765505
982.419;0.17139142683406805
982.73;0.1713756305871413
983.04;0.1713576208806695
983.351;0.1713516950619403
983.662;0.17133425210508485
983.972;0.171300734218884
984.283;0.17128162486364368
984.593;0.17126953098385297
984.904;0.1712579970659588
985.214;0.17126050480690735
985.525;0.17128370833551368
985.835;0.17131966081864386
986.146;0.1712781515889992
986.456;0.17129815542350024
986.766;0.17133447940915028
987.077;0.1713838924982309
987.387;0.1714320028097238
987.698;0.1714836655364503
988.008;0.1715435025961155
988.318;0.17159275193441847
988.628;0.17161820956302243
988.939;0.17164815006736903
989.249;0.1716476448055638
989.559;0.17161849477460736
989.87;0.17159454197510146
990.18;0.17158456138536238
990.49;0.171586101668198
990.8;0.17159285115526526
991.11;0.17155933277372135
991.42;0.17153046167349895
991.731;0.17149991887894386
992.041;0.17145003917381718
992.351;0.17138008027404364
992.661;0.1714231137119654
992.971;0.17142561925408015
993.281;0.17140958404497703
993.591;0.17140002585984707
993.901;0.1714003819085806
994.211;0.1714107589079449
994.521;0.17138730137438193
994.831;0.17141152426329176
995.141;0.17139627357121187
995.451;0.17140008625621458
995.761;0.17141292834978933
996.071;0.17141884343095037
996.381;0.1714232780240499
996.691;0.17141226075000116
997.0;0.17141941978834113
997.31;0.17141780267034915
997.62;0.17143373798017916
997.93;0.17141646290581936
998.24;0.17138139772242808
998.549;0.1713666831208402
998.859;0.17139313333927
999.169;0.17141312494940877
999.479;0.1714094891078359
999.788;0.17139376543361645
1000.098;0.17138879876413338
1000.408;0.17135354127136004
1000.717;0.1713005931295103
1001.027;0.17124968516927583
1001.337;0.17112525589087624
1001.646;0.17104331968509184
1001.956;0.1709610824952859
1002.265;0.17088852445233446
1002.575;0.17083278927248624
1002.884;0.17079675372551842
1003.194;0.1707424123750929
1003.503;0.170657960810077
1003.813;0.17056275395064568
1004.122;0.17047491983261928
1004.432;0.17040782007532332
1004.741;0.1703523614126982
1005.051;0.17030829914509937
1005.36;0.1702339931692498
1005.67;0.17012086670653515
1005.979;0.1700352161219438
1006.288;0.16993467936793166
1006.598;0.16980054258787264
1006.907;0.16967086552611937
1007.216;0.16957062622104294
1007.525;0.16947340326862054
1007.835;0.1694191233985357
1008.144;0.169329786013127
1008.453;0.16923492470008863
1008.762;0.16911937795384227
1009.072;0.169034750634812
1009.381;0.1688958104681185
1009.69;0.16877220874919635
1009.999;0.168653802679633
1010.308;0.16853876494163134
1010.617;0.16840417263068777
1010.926;0.1682240921659029
1011.236;0.16805692861343358
1011.545;0.16784311941021754
1011.854;0.16762908750089636
1012.163;0.16745238638331442
1012.472;0.16726923883727945
1012.781;0.1671364244544081
1013.09;0.16701347574917114
1013.399;0.16691587772945143
1013.708;0.16680976169891681
1014.017;0.16670678912127207
1014.325;0.1666051105796113
1014.634;0.166516736736895
1014.943;0.1664353300552248
1015.252;0.16637443918815986
1015.561;0.16626564539334135
1015.87;0.16617403400164457
1016.179;0.1660509628919396
1016.487;0.16595633775421256
1016.796;0.16586498420602652
1017.105;0.1658054896352365
1017.414;0.1657827778918334
1017.722;0.16575322432033412
1018.031;0.16575586305895654
1018.34;0.16576522789896198
1018.649;0.16576144389908962
1018.957;0.16575236341455282
1019.266;0.16570960853452624
1019.574;0.16566990439532472
1019.883;0.16561387738471273
1020.192;0.16554485946051972
1020.5;0.16548024764599292
1020.809;0.16541847698386802
1021.117;0.16535537644060141
1021.426;0.16527731779918062
1021.734;0.16519911800145018
1022.043;0.1651345985316669
1022.351;0.16506973963420737
1022.66;0.16506305507191443
1022.968;0.16502337192455566
1023.277;0.1650109529715704
1023.585;0.1650049607225758
1023.893;0.16500542763102133
1024.202;0.164985051697335
1024.51;0.16493368103352513
1024.819;0.16491560698748509
1025.127;0.1648821224843429
1025.435;0.16483265248430462
1025.743;0.1648111507599058
1026.052;0.16481775528115183
1026.36;0.16482215739462555
1026.668;0.16481752483239806
1026.976;0.1647981923509302
1027.285;0.16476843158030358
1027.593;0.1647208209502789
1027.901;0.1646872510805254
1028.209;0.16466007591631987
1028.517;0.16464388078026837
1028.825;0.16465344177950347
1029.134;0.16463771774802582
1029.442;0.16462794152452043
1029.75;0.16459381021451935
1030.058;0.16457772370757767
1030.366;0.1645509440548164
1030.674;0.16456226797502577
1030.982;0.16459750702000744
1031.29;0.164612026245164
1031.598;0.16465051757395882
1031.906;0.16470984817072656
1032.214;0.16475703206523606
1032.522;0.16478826849224856
1032.829;0.1648333233272614
1033.137;0.16491602795248356
1033.445;0.16501159313435412
1033.753;0.16508331350827848
1034.061;0.1651613675549133
1034.369;0.16524141396962944
1034.676;0.16531984770922684
1034.984;0.16541320470444848
1035.292;0.16550601844915971
1035.6;0.1656182119159067
1035.907;0.16575176933598554
1036.215;0.1658853828978188
1036.523;0.16599147357635427
1036.831;0.16610846448865088
1037.138;0.166225957800417
1037.446;0.16631722007053962
1037.753;0.1664017966402826
1038.061;0.16645564246695127
1038.369;0.16649017106611938
1038.676;0.16651470017764408
1038.984;0.1665278462877372
1039.291;0.16654696653225898
1039.599;0.16654768503782594
1039.906;0.16655015633707615
1040.214;0.1665800651114303
1040.521;0.16664540385083726
1040.829;0.1666960689209515
1041.136;0.1667510039081831
1041.444;0.16679055811393834
1041.751;0.16683031629779002
1042.058;0.16684142583418976
1042.366;0.16682417181863346
1042.673;0.1668298751205313
1042.98;0.16684899091793357
1043.288;0.16687602855770073
1043.595;0.16687872592454922
1043.902;0.16687931589528915
1044.21;0.16690153403260471
1044.517;0.16692883135809009
1044.824;0.16699730841871657
1045.131;0.16705822361826747
1045.439;0.1671233698106467
1045.746;0.16718241576319437
1046.053;0.16720902851661745
1046.36;0.16721909324326462
1046.667;0.1671984355002294
1046.974;0.16716063068954448
1047.281;0.16712461483563576
1047.588;0.16707539522124748
1047.896;0.16710658946429024
1048.203;0.1670948225401793
1048.51;0.16708734872559877
1048.817;0.16711839092119726
1049.124;0.16713050173167965
1049.431;0.16710512920483467
1049.738;0.16704857386938918
1050.044;0.16701844978090183
1050.351;0.16699491524335922
1050.658;0.16694999470444932
1050.965;0.16692979115002163
1051.272;0.16688916718733002
1051.579;0.16686014256412066
1051.886;0.16682705650269986
1052.193;0.16679950012550632
1052.499;0.16677921004592983
1052.806;0.16681811014403006
1053.113;0.16687613128899503
1053.42;0.1669393019820177
1053.726;0.16701129362338688
1054.033;0.16708496701705905
1054.34;0.16707930278147426
1054.647;0.16710496437688152
1054.953;0.1671521503143067
1055.26;0.16716556746063058
1055.566;0.16716430204996266
1055.873;0.16717573018757892
1056.18;0.16720230351394055
1056.486;0.1671852969309549
1056.793;0.1671924120055916
1057.099;0.1671995197034964
1057.406;0.16717460557287953
1057.712;0.16717422235908225
1058.019;0.167171086237735
1058.325;0.16715123595665982
1058.632;0.16711517184235383
1058.938;0.16708245991239745
1059.245;0.16701960411777875
1059.551;0.16698019626261823
1059.857;0.16693404362667835
1060.164;0.16687327706877061
1060.47;0.16678395589395345
1060.777;0.16668810597675343
1061.083;0.16659487004024082
1061.389;0.16650957131340705
1061.695;0.1664076045163883
1062.002;0.16632959640111816
1062.308;0.16626484532059477
1062.614;0.16619293532860657
1062.92;0.1661489777289177
1063.227;0.16610258312505405
1063.533;0.16606510196560306
1063.839;0.16602579530196737
1064.145;0.16595585159026374
1064.451;0.16588169881869236
1064.757;0.16583801812250282
1065.063;0.16581664495778575
1065.37;0.16578307702041845
1065.676;0.165731967760318
1065.982;0.16564131765630474
1066.288;0.1655612700421582
1066.594;0.165503084481792
1066.9;0.16543521552035692
1067.206;0.16549781905553265
1067.512;0.16539487124334296
1067.818;0.16537638623766487
1068.123;0.16565671224086118
1068.429;0.16555463397460118
1068.735;0.16533631664424264
1069.041;0.1651104754822739
1069.347;0.1653597464522657
1069.653;0.16568715130468556
1069.959;0.16568388888949964
1070.264;0.1656779013230535
1070.57;0.1656726206832891
1070.876;0.16566803566015556
1071.182;0.16566413494360194
1071.487;0.1656609072235773
1071.793;0.16565834119003073
1072.099;0.1656564255329113
1072.405;0.1656551489421681
1072.71;0.16565450010775018
1073.016;0.16565446771960668
1073.321;0.1656550404676866
1073.627;0.16565620704193906
1073.933;0.16565795613231316
1074.238;0.16566027642875794
1074.544;0.16566315662122247
1074.849;0.16566658539965587
1075.155;0.16567055145400716
1075.46;0.16567504347422551
1075.766;0.16568005015025988
1076.071;0.16568556017205946
1076.377;0.16569156222957324
1076.682;0.16569804501275034
1076.988;0.16570499721153983
1077.293;0.16571240751589078
1077.598;0.1657202646157523
1077.904;0.16572855720107343
1078.209;0.16573727396180327
1078.514;0.16574640358789086
1078.82;0.16575593476928535
1079.125;0.16576585619593578
1079.43;0.16577615655779118
1079.736;0.1657868245448007
1080.041;0.16579784884691337
1080.346;0.16580921815407831
1080.651;0.16582092115624456
1080.956;0.16583294654336125
1081.262;0.16584528300537738
1081.567;0.16585791923224208
1081.872;0.16587084391390441
1082.177;0.16588404574031343
1082.482;0.16589751340141828
1082.787;0.165911235587168
1083.092;0.16592520098751165
1083.397;0.16593939829239834
1083.702;0.16595381619177713
1084.007;0.1659684433755971
1084.312;0.16598326853380732
1084.617;0.1659982803563569
1084.922;0.16601346753319485
1085.227;0.1660288187542703
1085.532;0.16604432270953234
1085.837;0.16605996808893003
1086.142;0.16607574358241245
1086.447;0.16609163787992867
1086.752;0.16610763967142775
1087.057;0.1661237376468588
1087.361;0.1661399204961709
1087.666;0.1661561769093131
1087.971;0.1661724955762345
1088.276;0.1661888651868842
1088.581;0.1662052744312112
1088.885;0.16622171199916463
1089.19;0.1662381665806936
1089.495;0.16625462686574713
1089.799;0.1662710815442743
1090.104;0.16628751930622424
1090.409;0.16630392884154596
1090.713;0.16632029884018862
1091.018;0.1663366179921012
1091.323;0.16635287498723286
1091.627;0.16636905851553263
1091.932;0.1663851572669496
1092.236;0.16640115993143287
1092.541;0.1664170551989315
1092.845;0.16643283175939455
1093.15;0.16644847830277112
1093.454;0.1664639835190103
1093.759;0.16647933609806112
1094.063;0.16649452472987272
1094.368;0.16650953810439414
1094.672;0.16652436491157446
1094.976;0.16653899384136278
1095.281;0.16655341358370812
1095.585;0.1665676128285596
1095.889;0.16658158026586634
1096.194;0.16659530458557734
1096.498;0.16660877447764172
1096.802;0.16662197863200856
1097.107;0.1666349057386269
1097.411;0.16664754448744587
1097.715;0.16665988356841452
1098.019;0.1666719116714819
1098.323;0.16668361748659716
1098.628;0.1666949897037093
1098.932;0.16670601701276747
1099.236;0.1667166881037207
1099.54;0.16672699166651808
1099.844;0.16673691639110866
1100.148;0.16674645096744156
