Wavelength;Intensity
174.456;0.0680965841228285
174.799;0.06820798066825795
175.142;0.06831390296136598
175.485;0.06841445020567136
175.828;0.06850972160469294
176.17;0.06859981636194952
176.513;0.06868483368095994
176.856;0.068764872765243
177.199;0.06884003281831752
177.542;0.06891041304370232
177.884;0.06897611264491622
178.227;0.06903723082547805
178.57;0.06909386678890662
178.913;0.06914611973872076
179.255;0.06919408887843925
179.598;0.06923787341158096
179.941;0.06927757254166468
180.284;0.06931328547220925
180.626;0.06934511140673344
180.969;0.06937314954875613
181.312;0.0693974991017961
181.654;0.06941825926937219
181.997;0.06943552925500321
182.34;0.06944940826220798
182.682;0.06945999549450531
183.025;0.06946739015541403
183.368;0.06947169144845296
183.71;0.06947299857714091
184.053;0.0694714107449967
184.395;0.06946702715553917
184.738;0.06945994701228711
185.081;0.06945026951875936
185.423;0.06943809387847472
185.766;0.06942351929495204
186.108;0.0694066449717101
186.451;0.06938757011226775
186.793;0.06936639392014377
187.136;0.06934321559885703
187.478;0.06931813435192632
187.821;0.06929124938287046
188.163;0.06926265989520829
188.506;0.06923246509245858
188.848;0.0692007641781402
189.191;0.06916765635577193
189.533;0.06913324082887262
189.876;0.06909761680096108
190.218;0.06906088347555614
190.561;0.06902314005617659
190.903;0.06898448574634128
191.245;0.068945019749569
191.588;0.06866907862125497
191.93;0.06835878122168564
192.272;0.06874135044238237
192.615;0.06888693969622955
192.957;0.06859210617649969
193.3;0.0685182235396111
193.642;0.06864389625123433
193.984;0.06876046884499634
194.327;0.06855052634403513
194.669;0.06842519971970693
195.011;0.06840563793462268
195.353;0.06838516899777056
195.696;0.06836466511000192
196.038;0.06833884427878649
196.38;0.06831630164935307
196.722;0.06828817126159643
197.065;0.06825818654064367
197.407;0.06822138080685179
197.749;0.06819731155357756
198.091;0.06817138977285868
198.434;0.06813850044100256
198.776;0.06810873471179925
199.118;0.06809927702211853
199.46;0.0680867011932651
199.802;0.06808399622114844
200.144;0.0680877609235951
200.487;0.0680892297546645
200.829;0.06809357784884751
201.171;0.06810905297671238
201.513;0.06813846967778163
201.855;0.06814613914757914
202.197;0.06814816226743825
202.539;0.06814681229288352
202.881;0.0681539129670665
203.223;0.06816366551253275
203.565;0.06817477426003589
203.907;0.06818642489872731
204.249;0.06818619631129247
204.591;0.06820177747312127
204.933;0.0681998686436038
205.275;0.06819379211769351
205.617;0.06818453571297939
205.959;0.06818386862144198
206.301;0.06817090956906378
206.643;0.06814067688642403
206.985;0.06810360025378101
207.327;0.06806277919458718
207.669;0.068004279657878
208.011;0.06794279751581529
208.353;0.06786740121266635
208.695;0.06778792056968402
209.037;0.06769252598865044
209.379;0.06760391894496094
209.721;0.06753010874545805
210.062;0.0674675090768442
210.404;0.06740066751398945
210.746;0.06733060370872596
211.088;0.0672734855052538
211.43;0.06721959938347127
211.772;0.06716064471857845
212.113;0.06709987589434586
212.455;0.06704510511837392
212.797;0.06699998927433815
213.139;0.06693915425883029
213.48;0.06688082415722245
213.822;0.06683639969415679
214.164;0.06680469766817243
214.506;0.06677789409234605
214.847;0.06676466437362406
215.189;0.06676670070973921
215.531;0.06677313678008574
215.872;0.06678407296625376
216.214;0.06679924573087753
216.556;0.06681753004162591
216.898;0.06682233117940965
217.239;0.06681852146416359
217.581;0.06681225714285481
217.922;0.06681442435554492
218.264;0.06680757663106661
218.606;0.06678819422863476
218.947;0.06676805324404357
219.289;0.0667488276059968
219.63;0.06673391747231473
219.972;0.0667127575949161
220.314;0.06669420099401752
220.655;0.0666756771147637
220.997;0.06666584946004807
221.338;0.06664853830625798
221.68;0.06663667933217576
222.021;0.06663056052269282
222.363;0.06662011909401071
222.704;0.06660578986835583
223.046;0.06659340496083903
223.387;0.06658446836974019
223.729;0.06656927709663149
224.07;0.06655136550409524
224.412;0.0665231364967385
224.753;0.06649788453870578
225.094;0.06646437784779469
225.436;0.06642821226671594
225.777;0.06640743527502131
226.119;0.06639142838295119
226.46;0.06638008768212629
226.801;0.06636788470193157
227.143;0.06636887151566825
227.484;0.06637179731988103
227.825;0.06638154565784078
228.167;0.06638636457460391
228.508;0.06639920332121407
228.849;0.06640801362182043
229.191;0.06641962051669621
229.532;0.06642847293474928
229.873;0.06643693542559388
230.215;0.0664442734817371
230.556;0.0664670369818044
230.897;0.06649951588164627
231.238;0.06652941884599399
231.58;0.06657862567869721
231.921;0.06663597728464588
232.262;0.0667017683836594
232.603;0.0667692112715778
232.944;0.066836033679037
233.286;0.06689080261293738
233.627;0.06695383222235454
233.968;0.0670160538476077
234.309;0.06707130978547879
234.65;0.06713112813469128
234.991;0.06717926190342127
235.332;0.06721750479163975
235.673;0.0672525917524692
236.015;0.06728643723187516
236.356;0.06730894142716723
236.697;0.06732432177678133
237.038;0.06734262564569829
237.379;0.06736302159494323
237.72;0.0673565301493502
238.061;0.06733972466054022
238.402;0.06733583768158144
238.743;0.06731318182888618
239.084;0.06728864201160877
239.425;0.06725657173798036
239.766;0.06722502743977377
240.107;0.06719771217235418
240.448;0.06716969339129732
240.789;0.06715577644298075
241.13;0.06713852688442877
241.471;0.06712333474131468
241.812;0.06711307987985199
242.153;0.06711207527954668
242.494;0.06713549003344595
242.834;0.06715327831190963
243.175;0.06717602744752468
243.516;0.06715311767655747
243.857;0.0671502092676721
244.198;0.06715081876163984
244.539;0.0671519377404997
244.88;0.0671668873961994
245.22;0.06718874766183927
245.561;0.06721423023748367
245.902;0.06724408748978508
246.243;0.0672775318985313
246.584;0.06730892565012667
246.924;0.06734521682476705
247.265;0.06736068883546577
247.606;0.06738618416333708
247.947;0.06740673356538772
248.287;0.06743412671529131
248.628;0.06746340637015925
248.969;0.0674915745416969
249.31;0.06751878408123635
249.65;0.06754506994713551
249.991;0.0675626561502652
250.332;0.06758401513855332
250.672;0.06766679383007529
251.013;0.06775053937084416
251.354;0.06782996034113578
251.694;0.06790865906847739
252.035;0.06799327387265898
252.375;0.06807665763848786
252.716;0.06815687767669415
253.057;0.06823841369567273
253.397;0.06831682738226355
253.738;0.06839715261527828
254.078;0.06847091013337762
254.419;0.06857217027801109
254.759;0.06866517173891484
255.1;0.06875250001952313
255.44;0.06883083384031927
255.781;0.06889473925287522
256.121;0.06896821044497739
256.462;0.06903080838678775
256.802;0.0690872632259864
257.143;0.06914865137410424
257.483;0.06921124198660959
257.824;0.06927741742161536
258.164;0.06933193018313447
258.505;0.06939595643748708
258.845;0.06946323316048755
259.185;0.0695330732818172
259.526;0.0696103429065941
259.866;0.06968118083652955
260.207;0.06974695870105312
260.547;0.0698101880389482
260.887;0.06987936453737807
261.228;0.06994744819687942
261.568;0.07000874026755353
261.908;0.07007455509577426
262.249;0.07011812753956079
262.589;0.07015717727922124
262.929;0.07019876079060512
263.269;0.07022573994745512
263.61;0.07025000269659992
263.95;0.07027144078185102
264.29;0.07029985809579728
264.63;0.0703172979286274
264.971;0.07032570049076692
265.311;0.07033516367931139
265.651;0.07032939644711668
265.991;0.07031709237588375
266.331;0.07029112369973577
266.672;0.07025883971604058
267.012;0.07021857343543954
267.352;0.07018008863284524
267.692;0.07012237405290246
268.032;0.07005167615367017
268.372;0.0699800094852063
268.713;0.06990197501698119
269.053;0.06981379568088072
269.393;0.06973652973196781
269.733;0.06966318647732647
270.073;0.06958034676843451
270.413;0.06949901547684273
270.753;0.0694264172031714
271.093;0.0693509330132158
271.433;0.06927060029817445
271.773;0.06919087850925366
272.113;0.0691072037261303
272.453;0.06901664294410682
272.793;0.06893160499042707
273.133;0.06883437883392973
273.473;0.06873190116254015
273.813;0.06862931166929023
274.153;0.0685249543103604
274.493;0.06841849861553027
274.833;0.06830251497081555
275.173;0.06819174425486942
275.513;0.06807787084138522
275.852;0.06796121310921348
276.192;0.06784115062574674
276.532;0.06771682729292124
276.872;0.06759263083875588
277.212;0.06747482302668265
277.552;0.06738824305271805
277.892;0.0672991702371022
278.231;0.0672132687596601
278.571;0.06712290989931263
278.911;0.06703783862749194
279.251;0.0669520828491925
279.591;0.0668570876128529
279.93;0.06676015360109903
280.27;0.06666930838788045
280.61;0.06657933404359767
280.95;0.06649388785154542
281.289;0.06643788935545297
281.629;0.06638781911509323
281.969;0.06636119034943827
282.308;0.06633417997396236
282.648;0.06631375290218929
282.988;0.06629885200532888
283.328;0.06629955639606802
283.667;0.06629893084524263
284.007;0.0663130887739137
284.346;0.06634034345635414
284.686;0.06634109024189294
285.026;0.06634618436712383
285.365;0.0663491577328467
285.705;0.06635701256543791
286.044;0.06636295505098737
286.384;0.06637005043161093
286.724;0.06639199564356352
287.063;0.06641006280379624
287.403;0.06642595440738897
287.742;0.06645742288492673
288.082;0.06649617574641128
288.421;0.06651262474201323
288.761;0.06654104535640129
289.1;0.06656364167468812
289.44;0.06659153490249513
289.779;0.066625755078003
290.119;0.06665987227427415
290.458;0.06670174011144123
290.797;0.06675731561144709
291.137;0.06681055054715883
291.476;0.06685966755749788
291.816;0.06690895461007917
292.155;0.06696589122281793
292.494;0.06701490406600363
292.834;0.06706358727270363
293.173;0.06711600425427748
293.512;0.0671682454353798
293.852;0.06721953742394869
294.191;0.06729421728968657
294.53;0.0673829038090137
294.87;0.0674606205256358
295.209;0.06752368786772966
295.548;0.06759039645971815
295.888;0.0676479618256058
296.227;0.06772288393082576
296.566;0.0677943653465895
296.905;0.06786938578025778
297.245;0.0679448900916629
297.584;0.06801534886995912
297.923;0.06808751108814894
298.262;0.06815551111975002
298.601;0.06821470616914181
298.941;0.06825747806170714
299.28;0.06829575314549652
299.619;0.06834027835473253
299.958;0.06837724596974751
300.297;0.0683937521368856
300.636;0.0684004698606095
300.975;0.06841418709932269
301.315;0.06841425929064873
301.654;0.06841668312905534
301.993;0.06842466982694462
302.332;0.06843839496415746
302.671;0.06843899781392355
303.01;0.06843361529329099
303.349;0.06842874603700297
303.688;0.06841216297911017
304.027;0.06839421683246735
304.366;0.06837439655372253
304.705;0.06834509240756728
305.044;0.06830665978627372
305.383;0.06826164404652432
305.722;0.06822342599810785
306.061;0.06819927029658623
306.4;0.06817224358211943
306.739;0.06814089878091834
307.078;0.06811550767672558
307.417;0.06810597336753234
307.755;0.06811133318818971
308.094;0.06810823816674651
308.433;0.0680934186788143
308.772;0.06807648529600929
309.111;0.06804094112142751
309.45;0.06800241403294437
309.789;0.06796661285742124
310.127;0.0679356888213594
310.466;0.06788569864051762
310.805;0.06783833268460852
311.144;0.06777277356370504
311.483;0.06771627669512471
311.821;0.0676498702605309
312.16;0.0675771536215771
312.499;0.0674994429907545
312.838;0.06741551968616222
313.176;0.06732770723942509
313.515;0.06724897017394142
313.854;0.06717027820040222
314.192;0.06709077233771128
314.531;0.06702332549820215
314.87;0.06693105134056132
315.208;0.06683438963384043
315.547;0.06675214758227957
315.886;0.06666865454344892
316.224;0.06660423393715101
316.563;0.06653487723495001
316.902;0.06647721930998071
317.24;0.06641753258281569
317.579;0.06636714863824575
317.917;0.06632686136372577
318.256;0.06629334573892286
318.594;0.06624359594938076
318.933;0.06619968780661886
319.272;0.06615303354907032
319.61;0.06611246739908921
319.949;0.06606898632917811
320.287;0.06602790329393678
320.626;0.06596831724271682
320.964;0.06591851122571316
321.303;0.06589282132656302
321.641;0.06584174567360049
321.979;0.0658042758147363
322.318;0.06575547668211013
322.656;0.06570747580411564
322.995;0.06566904221070663
323.333;0.06563556863307579
323.671;0.0656169526919356
324.01;0.06559969239216325
324.348;0.06557911661624478
324.687;0.06556161806820292
325.025;0.06555039621911253
325.363;0.06555507376896953
325.702;0.06556790833823307
326.04;0.06558643291224935
326.378;0.06562911208473234
326.717;0.06567876184997104
327.055;0.06573400830752342
327.393;0.06578512378375788
327.731;0.0658513873870137
328.07;0.06590982438046779
328.408;0.0659444021679591
328.746;0.06598356622876184
329.084;0.06602575526990685
329.422;0.06608158770777456
329.761;0.06612230111338692
330.099;0.06614562475381122
330.437;0.06616301940939155
330.775;0.06616742009430118
331.113;0.06616827817276819
331.451;0.06617196646342136
331.79;0.06616835140914544
332.128;0.06615437320119394
332.466;0.06613351414286797
332.804;0.06611270738460974
333.142;0.0660863889988219
333.48;0.06604796353183684
333.818;0.06600600928633996
334.156;0.06597524267581605
334.494;0.0659487622855535
334.832;0.06591481305226397
335.17;0.06589136204431277
335.508;0.06586274077190998
335.846;0.06583684750897616
336.184;0.0658074873409101
336.522;0.06577982936519111
336.86;0.06576409863133066
337.198;0.06574495128258191
337.536;0.06573683623095583
337.874;0.06573277351923752
338.212;0.06571686313296084
338.55;0.06570632869506522
338.888;0.06570436361043965
339.226;0.06570156864731952
339.564;0.065694842460928
339.901;0.06568352561142841
340.239;0.06566938045612576
340.577;0.06565433326732249
340.915;0.06563635668911937
341.253;0.06560167722335832
341.591;0.06556238605094444
341.928;0.06552179046142798
342.266;0.06546707957651052
342.604;0.0654176958507777
342.942;0.06539027794135074
343.279;0.06536014839929345
343.617;0.06532158641474346
343.955;0.06527666218345568
344.293;0.06523286496450784
344.63;0.0651731449389635
344.968;0.06511048791819894
345.306;0.0650579840969394
345.643;0.0650129695531394
345.981;0.0649669658860524
346.319;0.06492630118649945
346.656;0.06487791589528949
346.994;0.06481739984758848
347.332;0.0647549510759732
347.669;0.0646960396201487
348.007;0.06464116805749749
348.344;0.06459900352986549
348.682;0.0645700930712994
349.02;0.06454053863537713
349.357;0.06450439845841625
349.695;0.06446946244086009
350.032;0.06442425626819724
350.37;0.06438573060787521
350.707;0.06435960646441603
351.045;0.06433473422529525
351.382;0.06431273459217479
351.72;0.06428029309748855
352.057;0.06424874406594805
352.395;0.06422579145054207
352.732;0.06419547986850652
353.07;0.06416661938808829
353.407;0.06413164724096386
353.744;0.0641127237360655
354.082;0.06410933283758825
354.419;0.06412125304316604
354.757;0.0641341736736739
355.094;0.06414045431288137
355.431;0.06415237990934851
355.769;0.0641626694238738
356.106;0.06420119180450128
356.443;0.06425983747363097
356.781;0.06431983048531995
357.118;0.0643811526286415
357.455;0.06444390178077848
357.793;0.064510004249565
358.13;0.06458768336031026
358.467;0.06467055295852454
358.804;0.06476919807049704
359.142;0.06486774065331544
359.479;0.06495931004247892
359.816;0.06504014269403673
360.153;0.06511044075689926
360.49;0.06518928515583548
360.828;0.06526080151645419
361.165;0.06533013002952467
361.502;0.06539239541613746
361.839;0.06544739515688823
362.176;0.06551071450628773
362.513;0.06557382928654147
362.85;0.06562661759064248
363.187;0.06566113319798052
363.525;0.06569162995095912
363.862;0.0657197031281985
364.199;0.06574927798381834
364.536;0.0657885807192612
364.873;0.06582132832219352
365.21;0.06583513618329735
365.547;0.06584064923617908
365.884;0.06584530145790937
366.221;0.06585111145032177
366.558;0.06586003748184974
366.895;0.06586663293596089
367.232;0.06587952747473415
367.569;0.06588708617151719
367.906;0.06589241038227361
368.243;0.06589991265343656
368.58;0.06591196932823473
368.916;0.06591934508162166
369.253;0.06592081494699907
369.59;0.065904797466578
369.927;0.06589359910625317
370.264;0.0658835540033158
370.601;0.06586764326172367
370.938;0.06584885053050171
371.275;0.0658300941901848
371.611;0.0657982806162928
371.948;0.06577346529234882
372.285;0.06575563332442635
372.622;0.06572823324700514
372.958;0.06570188698324643
373.295;0.0656700667367669
373.632;0.06563146743921656
373.969;0.0656016599123505
374.305;0.06556596688380938
374.642;0.06551959419926096
374.979;0.06547773469958804
375.316;0.065438582773473
375.652;0.06539693953957534
375.989;0.06536351530929661
376.326;0.06532774760310833
376.662;0.06529914153800938
376.999;0.06526990724765878
377.336;0.06522816018088025
377.672;0.06518826790590615
378.009;0.06515533753555985
378.345;0.06511312716868745
378.682;0.06506833206824729
379.019;0.06501085057986769
379.355;0.06495239828291342
379.692;0.06490472549270238
380.028;0.06485524708856194
380.365;0.06481425869082508
380.701;0.06479146901450644
381.038;0.06478379223358857
381.374;0.06478212640691468
381.711;0.06478817645541793
382.047;0.06479056641575365
382.384;0.06479447672765168
382.72;0.06480232892228446
383.056;0.06482291811222332
383.393;0.0648502903842153
383.729;0.06487818484069423
384.066;0.06487970205163271
384.402;0.0648756030543227
384.738;0.06488140907562918
385.075;0.06489221308637423
385.411;0.06491833131587649
385.748;0.06494867417922327
386.084;0.06498575850506166
386.42;0.06503016133360566
386.757;0.06507818658530327
387.093;0.06513205533565954
387.429;0.0651780441874724
387.765;0.06521592867067884
388.102;0.06524543750415554
388.438;0.06526774325986286
388.774;0.06529786671735263
389.11;0.06534257886090158
389.447;0.0653815175969129
389.783;0.06542281724072767
390.119;0.06544844795664517
390.455;0.06547766102865157
390.791;0.06550138263592453
391.128;0.06555121949283021
391.464;0.06560845945112666
391.8;0.06565375131059731
392.136;0.06569014397766904
392.472;0.06571995043538549
392.808;0.06575299429860955
393.144;0.0657736763258701
393.48;0.06578742761149056
393.816;0.06581040544453545
394.152;0.06583209042843474
394.489;0.06585718574572831
394.825;0.06587687087933256
395.161;0.06588471921058744
395.497;0.0659107621290349
395.833;0.06593831367033315
396.169;0.0659434695420945
396.505;0.06595581090306721
396.841;0.0659632957296218
397.176;0.0659810620512666
397.512;0.06599584921037231
397.848;0.06601155946096277
398.184;0.0660250150653916
398.52;0.06603823155987401
398.856;0.0660630152510352
399.192;0.0660829412313934
399.528;0.0660904646517102
399.864;0.06609856786068725
400.2;0.06611801566249934
400.535;0.06614488092571905
400.871;0.06616325795093181
401.207;0.06618414256082418
401.543;0.06620031403550045
401.879;0.06619948144483032
402.214;0.06619434541839747
402.55;0.06618070571099241
402.886;0.0661668047943017
403.222;0.06617270886143045
403.557;0.06721097983842049
403.893;0.06814978153275837
404.229;0.06900573943754686
404.565;0.06980024862131223
404.9;0.0705152853303587
405.236;0.07113940460159585
405.572;0.07168661880899448
405.907;0.07217067356480752
406.243;0.07259378760576622
406.579;0.07293062257585695
406.914;0.07320085332321363
407.25;0.07342163822727098
407.585;0.07357956594043022
407.921;0.07366421977776276
408.257;0.07369474813824303
408.592;0.07368364973845208
408.928;0.07361405870985584
409.263;0.07347183745664788
409.599;0.07327445234529491
409.934;0.07304251526664725
410.27;0.07274875225439356
410.605;0.07238528779894929
410.941;0.07197926593328771
411.276;0.07153734122088046
411.612;0.07104749249964842
411.947;0.07051017429408392
412.283;0.06993447185665541
412.618;0.06933803372494442
412.953;0.06870837194561881
413.289;0.06801464731065532
413.624;0.06728261770519195
413.96;0.06653162991091777
414.295;0.06574997141526905
414.63;0.06490966781593985
414.966;0.06402733935608731
415.301;0.06312251380030291
415.636;0.062186530684305616
415.972;0.06120744810156525
416.307;0.060200155589197044
416.642;0.05917733569625521
416.977;0.05812637258896487
417.313;0.057036963332669534
417.648;0.05595203241894822
417.983;0.0548622135405213
418.318;0.05375467998291268
418.654;0.052612756194593026
418.989;0.05145027526036661
419.324;0.050290132229806606
419.659;0.04911798310352789
419.994;0.04791405371124773
420.33;0.046699867846807235
420.665;0.045494758771181844
421.0;0.044293242856684484
421.335;0.04306818326954529
421.67;0.04184024792193404
422.005;0.04063806008351066
422.34;0.03944399583261247
422.675;0.038237985573385216
423.01;0.03704155507154753
423.345;0.03586325328920553
423.681;0.034701805781272355
424.016;0.03353485568220569
424.351;0.03238426315967496
424.686;0.031236584450421837
425.021;0.030101414095126698
425.356;0.02897731111782457
425.691;0.02787182628890585
426.025;0.026793928692598463
426.36;0.02573585018544371
426.695;0.024697787542070398
427.03;0.0236967250905202
427.365;0.022734754751352313
427.7;0.021803996079350105
428.035;0.020887887894836532
428.37;0.020010175739349642
428.705;0.0191966071131082
429.04;0.018416419999457225
429.374;0.017650099863909145
429.709;0.016935652141314195
430.044;0.016281149744168166
430.379;0.015687993577034647
430.714;0.01512730746228991
431.048;0.014622770300114019
431.383;0.014191030677191692
431.718;0.013824269363489865
432.053;0.013507106499296116
432.387;0.013246152962368668
432.722;0.013081525376858655
433.057;0.013009868597794422
433.392;0.012999459006460209
433.726;0.013056429134710069
434.061;0.01320530180721762
434.396;0.013450871920140727
434.73;0.013771742671102538
435.065;0.014186138105459122
435.4;0.014730590938825132
435.734;0.01538976445511144
436.069;0.01614882952462282
436.403;0.017028542403761258
436.738;0.018038272997412275
437.073;0.018038272997412275
437.407;0.018038272997412275
437.742;0.018038272997412275
438.076;0.018038272997412275
438.411;0.018038272997412275
438.745;0.018038272997412275
439.08;0.018038272997412275
439.414;0.018038272997412275
439.749;0.018038272997412275
440.083;0.018038272997412275
440.418;0.018038272997412275
440.752;0.018038272997412275
441.086;0.018038272997412275
441.421;0.018038272997412275
441.755;0.018038272997412275
442.09;0.018038272997412275
442.424;0.018038272997412275
442.758;0.018038272997412275
443.093;0.018038272997412275
443.427;0.018038272997412275
443.761;0.018038272997412275
444.096;0.018038272997412275
444.43;0.018038272997412275
444.764;0.018038272997412275
445.099;0.018038272997412275
445.433;0.018038272997412275
445.767;0.018038272997412275
446.101;0.018038272997412275
446.436;0.018038272997412275
446.77;0.018038272997412275
447.104;0.018038272997412275
447.438;0.018038272997412275
447.773;0.018038272997412275
448.107;0.018038272997412275
448.441;0.018038272997412275
448.775;0.018038272997412275
449.109;0.018038272997412275
449.443;0.018038272997412275
449.777;0.018038272997412275
450.112;0.018038272997412275
450.446;0.018038272997412275
450.78;0.018038272997412275
451.114;0.018038272997412275
451.448;0.018038272997412275
451.782;0.018038272997412275
452.116;0.018038272997412275
452.45;0.018038272997412275
452.784;0.018038272997412275
453.118;0.018038272997412275
453.452;0.018038272997412275
453.786;0.018038272997412275
454.12;0.018038272997412275
454.454;0.018038272997412275
454.788;0.018038272997412275
455.122;0.018038272997412275
455.456;0.018038272997412275
455.79;0.018038272997412275
456.123;0.018038272997412275
456.457;0.018038272997412275
456.791;0.018038272997412275
457.125;0.018038272997412275
457.459;0.018038272997412275
457.793;0.018038272997412275
458.127;0.018038272997412275
458.46;0.018038272997412275
458.794;0.018038272997412275
459.128;0.018038272997412275
459.462;0.018038272997412275
459.795;0.018038272997412275
460.129;0.018038272997412275
460.463;0.018038272997412275
460.797;0.018038272997412275
461.13;0.018038272997412275
461.464;0.018038272997412275
461.798;0.018038272997412275
462.131;0.018038272997412275
462.465;0.018038272997412275
462.799;0.018038272997412275
463.132;0.018038272997412275
463.466;0.018038272997412275
463.8;0.018038272997412275
464.133;0.018038272997412275
464.467;0.018038272997412275
464.8;0.018038272997412275
465.134;0.018038272997412275
465.468;0.018038272997412275
465.801;0.018038272997412275
466.135;0.018038272997412275
466.468;0.014727144092112095
466.802;0.01180913400268795
467.135;0.009248003275565705
467.469;0.007010323507111784
467.802;0.005100793894123583
468.136;0.0035243094822359298
468.469;0.002250661128728233
468.802;0.0012625926513477022
469.136;0.0005604459915825733
469.469;0.00014850794529537066
469.803;0.0
470.136;9.345554689446135e-05
470.469;0.00042415522007720923
470.803;0.0010122419102269286
471.136;0.0018098605835748067
471.469;0.0028073539606386817
471.803;0.004006913695375877
472.136;0.005415136654584419
472.469;0.007014052641841914
472.803;0.008779078848230044
473.136;0.010718212005677224
473.469;0.0128477732877898
473.803;0.01513225335312115
474.136;0.01754399492554426
474.469;0.02010802801088963
474.802;0.022824517047123884
475.135;0.02566965360197407
475.469;0.028625016126048407
475.802;0.03169576278528297
476.135;0.034900904265285804
476.468;0.03821743294821449
476.801;0.04162857831056562
477.134;0.04513504132234173
477.468;0.04876480984027937
477.801;0.05249071611318779
478.134;0.056303193693517974
478.467;0.060208368575319755
478.8;0.06422936111472392
479.133;0.06834585551539078
479.466;0.07253032206195084
479.799;0.0768063247931259
480.132;0.08119362400790053
480.465;0.08566300655044158
480.798;0.09019624242457382
481.131;0.09482444944091326
481.464;0.09955147953766308
481.797;0.1043690311845848
482.13;0.10926221908227896
482.463;0.11425268302014685
482.796;0.11936315412241509
483.129;0.1245682616595951
483.462;0.12986238687389015
483.794;0.13527124838818014
484.127;0.14080871462770223
484.46;0.1464669619225082
484.793;0.15222667229826842
485.126;0.15811108263649323
485.459;0.16413938825386098
485.792;0.17029495049088528
486.124;0.1765811479301494
486.457;0.18301759772646467
486.79;0.18962076850294052
487.123;0.19637008611953793
487.455;0.20326593082084884
487.788;0.2103249169462252
488.121;0.21757510147126113
488.454;0.22499741434546663
488.786;0.2325859062997243
489.119;0.2403573247523252
489.452;0.2483223125953643
489.784;0.25646367437605955
490.117;0.264776962487165
490.45;0.2732672724503847
490.782;0.28195218634443
491.115;0.29081525227933125
491.448;0.2998400110608986
491.78;0.3090427382314139
492.113;0.3184329146100173
492.445;0.32799333383337603
492.778;0.3377061902580568
493.11;0.3475713331740811
493.443;0.3575942480026181
493.775;0.3677457119873181
494.108;0.3780155410520115
494.44;0.3884077695967737
494.773;0.39892198427713677
495.105;0.4095197899428025
495.438;0.42018945145052067
495.77;0.4309159861253397
496.103;0.44170314445896125
496.435;0.45251828959800905
496.768;0.46333057615561823
497.1;0.4741374762041916
497.432;0.48493235373270066
497.765;0.49567262431256487
498.097;0.5063364097748283
498.429;0.5169081155567018
498.762;0.5273762470322952
499.094;0.5377026389733714
499.426;0.5478432325763732
499.759;0.5614487942942069
500.091;0.575147384546798
500.423;0.5889327678360666
500.756;0.6027950519070064
501.088;0.6167085509990298
501.42;0.6306436465063444
501.752;0.6445908795825475
502.085;0.6585150021166195
502.417;0.6723862267602605
502.749;0.6862036175281262
503.081;0.6999300182483136
503.413;0.7135489549924744
503.745;0.7270430728525071
504.078;0.7403834758764238
504.41;0.7535723559981461
504.742;0.7665753639802136
505.074;0.7793758494819354
505.406;0.7919545956356918
505.738;0.8042944088055394
506.07;0.816369449470031
506.402;0.8281616340241365
506.734;0.8396426375165079
507.066;0.8508128039524208
507.398;0.8616532397146223
507.73;0.8721380251616299
508.062;0.882260794049284
508.394;0.8920149336754463
508.726;0.9013843279751838
509.058;0.9103708695073752
509.39;0.9189578770686602
509.722;0.9271231238852233
510.054;0.9348724520020836
510.386;0.9422108698072011
510.718;0.949119546260385
511.05;0.9555843299842728
511.381;0.9616133566663332
511.713;0.9672027407154072
512.045;0.9723417530847202
512.377;0.9770198180608936
512.709;0.9812502723676448
513.041;0.9850413505317874
513.372;0.9883962155189618
513.704;0.9913066471283685
514.036;0.993790027008036
514.368;0.9958444627049409
514.699;0.9974921806755779
515.031;0.9987206744740975
515.363;0.9995430527757678
515.695;0.9999686638246851
516.026;1.0
516.358;0.9996588047248997
516.69;0.998953110240483
517.021;0.9978758681475998
517.353;0.9964477925690909
517.685;0.9946754584075442
518.016;0.9925803824493475
518.348;0.990164123812458
518.679;0.9874508137171619
519.011;0.9844561389871327
519.343;0.9811791966996943
519.674;0.9776361339095938
520.006;0.9738392086635772
520.337;0.9698023293425211
520.669;0.9655525697529042
521.0;0.9610807501713715
521.332;0.9564026231100583
521.663;0.9515269343890833
521.995;0.9464556083897887
522.326;0.9412155589299666
522.658;0.9358162510651178
522.989;0.9302644950300498
523.32;0.9245667520561721
523.652;0.9187500603597752
523.983;0.9128248088835355
524.315;0.906790537964389
524.646;0.9006587858514026
524.977;0.8944364251218659
525.309;0.8881422833911421
525.64;0.8817596717884988
525.971;0.8753065006764196
526.303;0.8687992823810231
526.634;0.8622485908714896
526.965;0.8556622013679178
527.296;0.8490374988775169
527.628;0.8423768839257113
527.959;0.8356970924501618
528.29;0.8290070015154426
528.621;0.8222994650101656
528.953;0.8155958002540221
529.284;0.808891941647924
529.615;0.8021980891417729
529.946;0.795523163106246
530.277;0.7888626437826388
530.608;0.782221677392179
530.939;0.7756086537672501
531.271;0.7690176827139439
531.602;0.7624612349186418
531.933;0.7559482016035384
532.264;0.7494624074260966
532.595;0.7430229535259707
532.926;0.7366277323336419
533.257;0.7302891395134696
533.588;0.7239913435972009
533.919;0.7177307090608915
534.25;0.7115148250501336
534.581;0.7053390082035677
534.912;0.6992142905055303
535.243;0.6931370076215643
535.574;0.6871290515098193
535.905;0.6811742131708108
536.236;0.6752728262952176
536.567;0.6694146110887812
536.898;0.6636237544035932
537.229;0.6578955868411561
537.559;0.652217502167471
537.89;0.6465999453176058
538.221;0.6410504504344706
538.552;0.635560921737497
538.883;0.6301257654426851
539.214;0.6247544327021574
539.544;0.6194533854018249
539.875;0.6142212789260385
540.206;0.6090492410758767
540.537;0.6039482738835199
540.867;0.5989265266439859
541.198;0.5939838566718068
541.529;0.5891273780526738
541.86;0.5843435795723821
542.19;0.5796351548668113
542.521;0.5749983971306138
542.852;0.5704507393724435
543.182;0.565977326529113
543.513;0.5615696400717511
543.844;0.5572227572545575
544.174;0.5529504480188406
544.505;0.5487385662332877
544.835;0.5445939722749593
545.166;0.5405024453424858
545.497;0.5364754397552361
545.827;0.5325036152532638
546.158;0.5285840609030202
546.488;0.5247182977444254
546.819;0.5209097338160569
547.149;0.5171512035440113
547.48;0.513441417235931
547.81;0.5097704051964744
548.141;0.5061461690220903
548.471;0.5025639823109901
548.802;0.4990185620034657
549.132;0.49550662940517204
549.462;0.49200657868707776
549.793;0.48851187585956773
550.123;0.4850470168935006
550.454;0.4816231792904104
550.784;0.4782218331088994
551.114;0.47484441767047264
551.445;0.4714992755259208
551.775;0.4681762512320276
552.105;0.464875332294355
552.436;0.4615965349322396
552.766;0.45833990537764135
553.096;0.4551059855212066
553.426;0.4518803907165971
553.757;0.448649124496195
554.087;0.44544239570802174
554.417;0.44223777266217856
554.747;0.43903498558006826
555.078;0.43584057998456893
555.408;0.4326440898311788
555.738;0.4294550144864043
556.068;0.42627076347180365
556.398;0.42309985643053794
556.728;0.41994844672057857
557.058;0.41680239737868935
557.389;0.4136561287960336
557.719;0.4105017609215444
558.049;0.4073479301209352
558.379;0.40418814486991017
558.709;0.4010312389946553
559.039;0.3978700461069484
559.369;0.3947113337838815
559.699;0.39155551058257687
560.029;0.388399402248415
560.359;0.3852457912618565
560.689;0.382101020448816
561.019;0.37892296162476413
561.349;0.3757484322235723
561.679;0.3725820186017381
562.009;0.36942061587818414
562.339;0.36627581646496066
562.669;0.3631309185191679
562.999;0.35998678739969
563.328;0.3568566136943254
563.658;0.35369264020957697
563.988;0.35053689583182446
564.318;0.3473886448894615
564.648;0.3442537661398718
564.978;0.3411155767714113
565.307;0.33798865524937527
565.637;0.334875911084816
565.967;0.33178544097473006
566.297;0.32870868280590515
566.626;0.325649451228972
566.956;0.3226053162247114
567.286;0.3195785321732666
567.616;0.31658367750720995
567.945;0.3136236162643137
568.275;0.3106893624469904
568.605;0.3077688666780098
568.934;0.30486338415278896
569.264;0.30197985822799667
569.594;0.2991324580303089
569.923;0.29631061510010587
570.253;0.29350484453793557
570.582;0.29076636846360177
570.912;0.28805157142891286
571.242;0.2853625824072253
571.571;0.2827033802713855
571.901;0.2800738298115473
572.23;0.27748523912122236
572.56;0.2749243661563332
572.889;0.27239042629468163
573.219;0.26987733096334027
573.548;0.2673977431595524
573.878;0.26494171391361
574.207;0.26251765312868647
574.537;0.2601054640715014
574.866;0.25772977807760034
575.195;0.25538334789177597
575.525;0.253055255948459
575.854;0.250742964651086
576.184;0.24844651298623743
576.513;0.2461764574582778
576.842;0.24392949454991403
577.172;0.24170107211487338
577.501;0.23946518577603515
577.83;0.2372501770570343
578.16;0.2350699928242401
578.489;0.23292779763156865
578.818;0.23082844904079722
579.147;0.2287604587051649
579.477;0.22669353320048702
579.806;0.224657602974589
580.135;0.22264948931238596
580.464;0.22066879878609816
580.793;0.2187255164549851
581.123;0.21680617947544806
581.452;0.2149182753261929
581.781;0.2130596988565564
582.11;0.21122999639810508
582.439;0.20945318495514953
582.768;0.20773267469771814
583.097;0.20605308996133373
583.427;0.20438404772835744
583.756;0.20275264386473832
584.085;0.20116504816989342
584.414;0.19964544541330165
584.743;0.19815705828078858
585.072;0.19668760683990197
585.401;0.19523962643220955
585.73;0.193816072169337
586.059;0.19241014703992948
586.388;0.19104638558115855
586.717;0.18971058452812364
587.046;0.18840850617467633
587.375;0.1871283899887261
587.703;0.1858749352677516
588.032;0.18465672695849147
588.361;0.18346142364162485
588.69;0.18228827212918325
589.019;0.18113514968283265
589.348;0.179991377253904
589.677;0.17885187076766523
590.006;0.17772869211194905
590.334;0.17663471250407153
590.663;0.17557220954100988
590.992;0.1745167707727175
591.321;0.17347642731639296
591.649;0.17246124377316768
591.978;0.17146312243652573
592.307;0.1704822983765604
592.636;0.1695182363456446
592.964;0.16856179840438706
593.293;0.16762233828525167
593.622;0.16669075481931384
593.95;0.16579801470961378
594.279;0.1649229722349929
594.608;0.16405938489386196
594.936;0.16321555275212593
595.265;0.16238203292640901
595.594;0.1615623686965777
595.922;0.16074945500086993
596.251;0.15994754617020793
596.579;0.15920499881775496
596.908;0.1584701480716387
597.236;0.15775128874634037
597.565;0.15703542080165192
597.893;0.1563518705552156
598.222;0.1556834275216461
598.55;0.15502822111455464
598.879;0.15438896485831818
599.207;0.1537565855950415
599.536;0.15311698094314222
599.864;0.15248225843050042
600.193;0.15186310331705366
600.521;0.15125194659526742
600.849;0.1506169072473518
601.178;0.1499773456706249
601.506;0.14933593934283476
601.835;0.1486874521884571
602.163;0.14803833747377515
602.491;0.14738766665067415
602.819;0.1467415036420603
603.148;0.1461048744167136
603.476;0.14541691651527117
603.804;0.14472835374605816
604.133;0.14402287269795266
604.461;0.14331613565327034
604.789;0.14259271316894037
605.117;0.1418447318666302
605.446;0.14108082074746311
605.774;0.140309805242964
606.102;0.1395325292138074
606.43;0.1387453081208011
606.758;0.13795590612018313
607.086;0.13714957158049876
607.414;0.1363384897058216
607.743;0.13551626639388145
608.071;0.1346904777783816
608.399;0.13386666902532804
608.727;0.13303314961179674
609.055;0.13218432699152735
609.383;0.13133617783802165
609.711;0.13049492419384562
610.039;0.12965968253536322
610.367;0.12886228999442242
610.695;0.1280616651951692
611.023;0.1272791925256235
611.351;0.1264878867852217
611.679;0.12570271629880408
612.007;0.1249371957535978
612.335;0.12419699257102819
612.663;0.1234571210334375
612.991;0.1227303133532214
613.319;0.12202838928842961
613.646;0.12134150307360791
613.974;0.12066306691083051
614.302;0.11998645559085602
614.63;0.11932688616386893
614.958;0.11867630748234163
615.286;0.11802926065149873
615.613;0.11739456307998046
615.941;0.1167910442920952
616.269;0.11620865572913047
616.597;0.11562806694040428
616.924;0.1150447077992039
617.252;0.11443142511965952
617.58;0.11383928420066436
617.908;0.11325455274724734
618.235;0.1126760733410358
618.563;0.11210515918646263
618.891;0.11152767520114701
619.218;0.11095059543578839
619.546;0.11039102663716517
619.873;0.10982771435286254
620.201;0.10926710954986396
620.529;0.10871321432169329
620.856;0.10817286248481649
621.184;0.10765789984979021
621.511;0.1071487002954846
621.839;0.10665939890891282
622.166;0.10618766911486024
622.494;0.10573241511857791
622.821;0.1052812294127622
623.149;0.10482711065528405
623.476;0.10438191652748881
623.804;0.10396408119256503
624.131;0.10356512295612509
624.459;0.10316963362399653
624.786;0.10278360154314554
625.114;0.10241545767403981
625.441;0.10204872914166194
625.768;0.10171165633864131
626.096;0.10137874412245214
626.423;0.10105867053730933
626.75;0.10076206560525015
627.078;0.10047803780020252
627.405;0.10020144882679055
627.732;0.09992225939555022
628.06;0.09963949295209619
628.387;0.09936047685550711
628.714;0.0990790275489065
629.041;0.09880235950179209
629.369;0.09851501115851138
629.696;0.09823237320032491
630.023;0.09795552558417767
630.35;0.0976882241705827
630.677;0.09740300567194493
631.005;0.09711127315675641
631.332;0.09681297177599232
631.659;0.09650326988855555
631.986;0.09619136660456966
632.313;0.09588228128271573
632.64;0.0955693350897524
632.967;0.09524607488841379
633.294;0.0949135593566359
633.621;0.09456316643278832
633.949;0.09420281000845776
634.276;0.0938480597758312
634.603;0.09350881207086753
634.93;0.09316414656353202
635.257;0.0928255439304045
635.584;0.09248645223134322
635.91;0.092139974258059
636.237;0.09179529523306529
636.564;0.09144504852073412
636.891;0.09110145394779535
637.218;0.09075290742015579
637.545;0.09040141787004231
637.872;0.09005786056910214
638.199;0.08971561731919198
638.526;0.08938700820818912
638.853;0.08905500392565885
639.179;0.08873084445469087
639.506;0.08841592677511609
639.833;0.08811515273718047
640.16;0.08780337576822891
640.487;0.08751300436330924
640.813;0.0872331042932481
641.14;0.08696074766929891
641.467;0.08669310109824133
641.794;0.08645037679319127
642.12;0.08621923459929659
642.447;0.08598558000518787
642.774;0.0857507776464939
643.1;0.08552163722386458
643.427;0.08532385154816413
643.754;0.08511809010966578
644.08;0.08491247136506108
644.407;0.08471609594463403
644.733;0.08451667437987728
645.06;0.08433078461317622
645.387;0.08414890700902754
645.713;0.0839821448358816
646.04;0.0838185337407341
646.366;0.08364089804053465
646.693;0.08346765365891297
647.019;0.08331159765323434
647.346;0.08314809741502678
647.672;0.08298665739555296
647.999;0.08282205340362901
648.325;0.08264759877798576
648.651;0.08245911528434301
648.978;0.08226227200449907
649.304;0.08207292773844778
649.631;0.08189473464318364
649.957;0.08173071167968018
650.283;0.08154741858933466
650.61;0.0813660165053221
650.936;0.08119547442114433
651.262;0.08102822176548452
651.589;0.08087590813873441
651.915;0.08072728977652852
652.241;0.08057145527075191
652.568;0.08041252837370408
652.894;0.08026430368469736
653.22;0.08011954436616568
653.546;0.079959252672094
653.873;0.07980122738275972
654.199;0.07965493094596568
654.525;0.07950817038889542
654.851;0.07936350751071214
655.177;0.07921955627052027
655.503;0.079067686030725
655.83;0.07891789941903758
656.156;0.07876701175028589
656.482;0.07861317228183244
656.808;0.07845154633579116
657.134;0.07828839158128591
657.46;0.07813210340116204
657.786;0.07797284264479568
658.112;0.07782248323332036
658.438;0.0776520921206539
658.764;0.0774764539486325
659.09;0.07730678617068557
659.416;0.07712554629177037
659.742;0.07692889075671347
660.068;0.07672783465812585
660.394;0.07654402914111284
660.72;0.07635844074109406
661.046;0.07616356111490555
661.372;0.07597141711829775
661.698;0.07577937137483708
662.024;0.07559602479207188
662.349;0.07541649356184658
662.675;0.07523626555562228
663.001;0.075053069061205
663.327;0.07487117821635693
663.653;0.07468685531077766
663.978;0.07450133670249827
664.304;0.07431957460721134
664.63;0.07413771467539816
664.956;0.07395513394520666
665.282;0.07378521316896404
665.607;0.07361612637124085
665.933;0.07345181610504159
666.259;0.07330634317885863
666.584;0.07317014262110653
666.91;0.07305055965509932
667.236;0.0729160781488947
667.561;0.0727889788264487
667.887;0.07265425353437593
668.213;0.07251548264190641
668.538;0.07237550840883461
668.864;0.07223675953355303
669.189;0.07210820972643758
669.515;0.07197675544817952
669.84;0.07183959058392822
670.166;0.07170686073599265
670.491;0.07158051663455002
670.817;0.07147457343577492
671.142;0.07136822650413545
671.468;0.07126210374440949
671.793;0.07116208433962026
672.119;0.07106172160603555
672.444;0.07096938419022125
672.77;0.07089305799275059
673.095;0.0707639126037701
673.42;0.07064381319021582
673.746;0.07052408726000922
674.071;0.07041675378715662
674.397;0.0703036845344254
674.722;0.07020330315565047
675.047;0.0701163752001308
675.373;0.07003786039189831
675.698;0.06996643469807239
676.023;0.06989249100941576
676.348;0.06983887010947014
676.674;0.06980477852956976
676.999;0.069777172470513
677.324;0.0697518873513975
677.649;0.06971589693358797
677.974;0.06968763075644129
678.3;0.06966047104932602
678.625;0.06963025217815733
678.95;0.06961159474795146
679.275;0.06959109875799258
679.6;0.06956295723708439
679.925;0.06958675188982034
680.25;0.06960299688290862
680.576;0.0696132016939776
680.901;0.06962618325433242
681.226;0.069647009016201
681.551;0.06967902687961885
681.876;0.06970166036143695
682.201;0.06971726710376
682.526;0.06972820411287008
682.851;0.06973487559162372
683.176;0.06972759303417576
683.501;0.06970939113911545
683.826;0.06969290091874143
684.151;0.0696785444079652
684.476;0.06966124476511422
684.8;0.0696344963566675
685.125;0.06961599136319335
685.45;0.06959320928205032
685.775;0.06956728385074866
686.1;0.06954922331594154
686.425;0.06952278119054033
686.75;0.06948822476026684
687.074;0.06944709341035513
687.399;0.06939991552256518
687.724;0.06932526130877893
688.049;0.06925824741206978
688.373;0.06918585100064174
688.698;0.06911116251936682
689.023;0.06903815760648883
689.348;0.06896925925381746
689.672;0.06890426895918117
689.997;0.06884434872871091
690.322;0.06879002331866774
690.646;0.06873138781067269
690.971;0.06867506905369129
691.296;0.06861763922349544
691.62;0.0685577264326209
691.945;0.06849753140463648
692.269;0.06843903842657728
692.594;0.06838209024721204
692.919;0.06831431295872269
693.243;0.06824813783901627
693.568;0.06818784889086045
693.892;0.06813378330185949
694.217;0.06808388572942949
694.541;0.06805629447948666
694.866;0.06802612985818542
695.19;0.06797891412935002
695.514;0.06793584648866952
695.839;0.06789579203062662
696.163;0.06785753363611689
696.488;0.06781811179149612
696.812;0.06777451270427509
697.136;0.06773482815853654
697.461;0.06768567022803082
697.785;0.06763042167066766
698.11;0.06757664455808615
698.434;0.06752156115533275
698.758;0.0674577053759089
699.082;0.06739659025759852
699.407;0.06732645791839256
699.731;0.06725448512842602
700.055;0.06717143795853461
700.379;0.06709316828838942
700.704;0.06701559165658097
701.028;0.0669403641560127
701.352;0.06686682943346005
701.676;0.06677814017776049
702.0;0.06669638037608905
702.325;0.06662327503263578
702.649;0.06655050938986719
702.973;0.06646335070674089
703.297;0.0663709357545425
703.621;0.06626756487256343
703.945;0.06616629614964928
704.269;0.06605819559540323
704.593;0.06595747249774198
704.917;0.0658572429069647
705.241;0.065759861954658
705.565;0.06571070083138923
705.889;0.06565454696792727
706.213;0.06559395118093571
706.537;0.06553426357124796
706.861;0.06549199618427973
707.185;0.06543835612997338
707.509;0.06539474946167116
707.833;0.06535271320064724
708.157;0.06531302444592373
708.481;0.06527445764845112
708.805;0.0652337527351735
709.128;0.06519274190412055
709.452;0.06514508893193637
709.776;0.06511479958259427
710.1;0.0650974096439866
710.424;0.06508632508006072
710.748;0.06508001289347427
711.071;0.06508129281953597
711.395;0.06507286424352575
711.719;0.06506158937299346
712.042;0.06504710321406779
712.366;0.06498645849802061
712.69;0.064935413444075
713.014;0.06489183928600233
713.337;0.06484575443884776
713.661;0.06478865545542774
713.985;0.06472778673546571
714.308;0.06465982170982788
714.632;0.06459205927702304
714.955;0.06452622925529715
715.279;0.06444802726165566
715.603;0.06438056385222525
715.926;0.06431040686940463
716.25;0.064240217165432
716.573;0.0641557873673488
716.897;0.06406615123931089
717.22;0.0639832841032207
717.544;0.06390476815314923
717.867;0.06383155969365537
718.191;0.06376017143844685
718.514;0.06368784069443796
718.837;0.06362201110658132
719.161;0.06355692584839803
719.484;0.06347881602175914
719.808;0.06340728913251797
720.131;0.06337201473475942
720.454;0.06335164443835313
720.778;0.06333579597808804
721.101;0.06332985695841649
721.424;0.06332995958322485
721.748;0.06333264811872505
722.071;0.06335773932135737
722.394;0.06337909043415996
722.717;0.06340241262355675
723.041;0.06342680143615677
723.364;0.06345388802290206
723.687;0.06348653821376476
724.01;0.06352645784965427
724.334;0.06355863474097921
724.657;0.06359132098201865
724.98;0.06361892739762288
725.303;0.0636436352758524
725.626;0.06367057830239485
725.949;0.06370042954079753
726.272;0.06373034912868425
726.595;0.06375706017637743
726.919;0.0637575960402133
727.242;0.0637523793048385
727.565;0.06376148249906122
727.888;0.06376311381711486
728.211;0.06375959862737363
728.534;0.06374791151370394
728.857;0.06374232128354823
729.18;0.06374171680524483
729.503;0.06373757191675232
729.826;0.06373506930491196
730.148;0.06373289056206322
730.471;0.06373826994389535
730.794;0.06373169088313199
731.117;0.06372180587271743
731.44;0.06371197724051471
731.763;0.06371430591529371
732.086;0.06373232908136377
732.409;0.06375521594956479
732.731;0.06376506981404281
733.054;0.06376009091672312
733.377;0.0637513505802901
733.7;0.06373901656281536
734.022;0.06371808224517954
734.345;0.06370042184883423
734.668;0.0636815763572607
734.991;0.06366192248264342
735.313;0.06365076298623883
735.636;0.06364230498892723
735.959;0.06363611509836807
736.281;0.0636272037579263
736.604;0.06361804353099183
736.927;0.0636156278349269
737.249;0.06360044477606075
737.572;0.06358302727330314
737.894;0.06356435618321442
738.217;0.06354766110761886
738.54;0.06353119815083046
738.862;0.06350732254718322
739.185;0.06348139868045227
739.507;0.06347936551497303
739.83;0.06349247505600808
740.152;0.06350666517803238
740.475;0.06351940628962603
740.797;0.06354590232889733
741.119;0.06355667632805408
741.442;0.06356358280026952
741.764;0.06357544333197386
742.087;0.06357293913560404
742.409;0.06356444101046442
742.731;0.06354373608442948
743.054;0.06351641530848705
743.376;0.0634984808894715
743.698;0.06347910415685899
744.021;0.06346748894947449
744.343;0.06346027674098535
744.665;0.0634610493374067
744.988;0.06345672945768466
745.31;0.0634469880442858
745.632;0.06344125989215744
745.954;0.06343549106069828
746.277;0.06341468799515808
746.599;0.06340155267019713
746.921;0.06338219806023371
747.243;0.06336150186293416
747.565;0.06335884972242932
747.887;0.06336221365704751
748.21;0.06336947293162562
748.532;0.0633804695962767
748.854;0.06341297318388897
749.176;0.06344270929545565
749.498;0.06348061447571271
749.82;0.06351229654607789
750.142;0.06353593496084757
750.464;0.06355269917629451
750.786;0.0635668266295452
751.108;0.06358430425926506
751.43;0.06359732816306889
751.752;0.06362121709488913
752.074;0.06363332678930582
752.396;0.06364713758282156
752.718;0.06365460034206948
753.04;0.06367065238127875
753.361;0.06368714117408304
753.683;0.06371353947090544
754.005;0.06373840532124758
754.327;0.06373252511594094
754.649;0.06371140345372849
754.971;0.0636807196915792
755.293;0.06363995519707626
755.614;0.06359067041358568
755.936;0.06353838952679572
756.258;0.06348247927612725
756.58;0.06344320001451786
756.901;0.06340345221257708
757.223;0.06337044300009943
757.545;0.06334987027575417
757.866;0.06333341539591163
758.188;0.06330740768050193
758.51;0.06328026146670003
758.831;0.06326646238553445
759.153;0.06324978608523077
759.475;0.06322026959394242
759.796;0.0631848852510889
760.118;0.06314278967190118
760.439;0.0630968571625715
760.761;0.06305501027694171
761.082;0.0630110227588289
761.404;0.06298790124218177
761.726;0.06296557233597312
762.047;0.06293950519703702
762.368;0.0629119885119373
762.69;0.06287756689977618
763.011;0.06285232039132632
763.333;0.06282185732880606
763.654;0.06278146146949239
763.976;0.06272937923473718
764.297;0.06266145625469448
764.618;0.06257849870531258
764.94;0.06249357242954361
765.261;0.06242188550800093
765.583;0.062358606625827186
765.904;0.062297628573381295
766.225;0.062257260432269694
766.546;0.062219474179639724
766.868;0.062192573944164824
767.189;0.062168073700847176
767.51;0.062148432384832066
767.831;0.062134415957308384
768.153;0.0621105729087364
768.474;0.06209349577166031
768.795;0.06209002026050219
769.116;0.062081647299440955
769.437;0.06208629895133597
769.759;0.06208427892582594
770.08;0.062088621045337855
770.401;0.062093851855491676
770.722;0.06211492381203047
771.043;0.06214310658915195
771.364;0.062179517392884055
771.685;0.06222516148754326
772.006;0.062263866429886114
772.327;0.06229394688459743
772.648;0.06231967399104037
772.969;0.06234436923822474
773.29;0.06238084102049343
773.611;0.062413142118614824
773.932;0.06242163033996484
774.253;0.06243750843018678
774.574;0.06245013099159594
774.895;0.0624759942752697
775.216;0.06250300577617401
775.537;0.06251051631815398
775.858;0.06252533138770669
776.178;0.06252798200065081
776.499;0.06252790619747672
776.82;0.06252314174229187
777.141;0.0625333779343674
777.462;0.06253860547167667
777.782;0.06253394750886687
778.103;0.06253473025464472
778.424;0.06255199611788811
778.745;0.06256082580935435
779.065;0.06257218516236733
779.386;0.06258253023630196
779.707;0.06258855837012157
780.027;0.06258448568704947
780.348;0.06258344356858728
780.669;0.0626025429683794
780.989;0.06260960552618454
781.31;0.06262068624161539
781.631;0.06261851099179838
781.951;0.06262291490569255
782.272;0.06264125271171891
782.592;0.0626584881317224
782.913;0.0626758352373737
783.233;0.062694127080711
783.554;0.0627191948810164
783.874;0.06273449151619301
784.195;0.06273384128356023
784.515;0.06273819127934613
784.836;0.0627334256189963
785.156;0.06270852176655874
785.477;0.06267822110502749
785.797;0.06264494874435557
786.117;0.06261025193653973
786.438;0.06257448968609444
786.758;0.06254184489080271
787.079;0.06250943750851816
787.399;0.06248675707937812
787.719;0.06246595512803026
788.039;0.06244796824622133
788.36;0.06243533036702054
788.68;0.062414539430402136
789.0;0.06239179928446494
789.321;0.06236353051415614
789.641;0.06233467597908684
789.961;0.062299980448632476
790.281;0.06226445820425786
790.601;0.062233964695294484
790.922;0.06221426105867549
791.242;0.06219348660174504
791.562;0.06218109028352656
791.882;0.06216500897849715
792.202;0.06215384123680301
792.522;0.062137580683362406
792.842;0.06212090736361813
793.162;0.0620825155952721
793.482;0.06203719159370028
793.802;0.06198989812761178
794.122;0.061945120211823135
794.442;0.06189648092546303
794.762;0.061844444813954236
795.082;0.061791906637436673
795.402;0.06173545770559133
795.722;0.06168243979088503
796.042;0.0616390892687959
796.362;0.06160007417929049
796.682;0.061567640801319864
797.002;0.061541693557543194
797.322;0.061523494182019245
797.642;0.06151259509112852
797.962;0.06149978983834585
798.281;0.0614833849815461
798.601;0.0614777424831088
798.921;0.06146825500729996
799.241;0.06146124018447377
799.561;0.061456885968959665
799.88;0.061470601732842724
800.2;0.06149639786948699
800.52;0.06152084798425141
800.839;0.06153544483660281
801.159;0.06155742988907566
801.479;0.061585437579264046
801.799;0.06161318097365331
802.118;0.06164774283512789
802.438;0.06169740195797582
802.757;0.06173945565015441
803.077;0.0617850262419251
803.397;0.06183340230109362
803.716;0.06187782640145171
804.036;0.061904703997222005
804.355;0.061919588617086886
804.675;0.061935885605736075
804.994;0.061946906392856084
805.314;0.06194915935178685
805.633;0.0619519911958122
805.953;0.06197859154820697
806.272;0.06200574417444234
806.592;0.062044748802445905
806.911;0.06207083453127902
807.231;0.06209791138735855
807.55;0.06210721748927002
807.869;0.062108223366986126
808.189;0.06210949483249922
808.508;0.06211754509331518
808.827;0.06213293778449822
809.147;0.06213016444392442
809.466;0.06212926712360185
809.785;0.06213581059225463
810.105;0.06213473383990011
810.424;0.062125033258750705
810.743;0.062124168419877675
811.062;0.0621276068172782
811.382;0.06214158010857074
811.701;0.06216695970354927
812.02;0.06219936819371822
812.339;0.06222938853398464
812.658;0.06224224787691524
812.977;0.06225877181544351
813.296;0.06226174707518004
813.616;0.06226885312394037
813.935;0.062269211066943796
814.254;0.06228839860600879
814.573;0.062311182764934026
814.892;0.06232679150471137
815.211;0.06232820223603853
815.53;0.06231541917070946
815.849;0.062299743730042774
816.168;0.06230281472427707
816.487;0.062298571387830015
816.806;0.0622945518788228
817.125;0.06229516161722392
817.444;0.062288285553899606
817.763;0.06228688059997192
818.082;0.06228450263367615
818.4;0.06227566406474473
818.719;0.06227024547959472
819.038;0.06227911149671799
819.357;0.06229138947764556
819.676;0.06229418811717171
819.995;0.06230306559176429
820.313;0.062305000570132864
820.632;0.06231403486341806
820.951;0.0623159698723901
821.27;0.06232169291822649
821.588;0.06233342092545114
821.907;0.06235366936423313
822.226;0.06237126140380088
822.545;0.06238512548334785
822.863;0.062379338090131096
823.182;0.06237231676759488
823.501;0.062367791320542036
823.819;0.062350922899749056
824.138;0.06234384655915444
824.456;0.062343683210049745
824.775;0.062336183395491455
825.093;0.062352135574059254
825.412;0.062369312379827666
825.731;0.062373686451955554
826.049;0.06236401275542148
826.368;0.0623484459520327
826.686;0.062337096601174084
827.005;0.06232510960102389
827.323;0.06231938842318084
827.641;0.06231923596264649
827.96;0.0623066919765618
828.278;0.062292769934372105
828.597;0.06227848190027393
828.915;0.06227227041594854
829.233;0.06227675779723497
829.552;0.062275106901743926
829.87;0.062280403383998525
830.188;0.062296135193316546
830.507;0.062322732703532724
830.825;0.06235424764415808
831.143;0.062385981959396375
831.462;0.06241310980802225
831.78;0.06242684964016521
832.098;0.06243711333690863
832.416;0.062448371682266676
832.735;0.06246943415429792
833.053;0.06249610515020354
833.371;0.0625102293737798
833.689;0.0625288389908472
834.007;0.06253487039834911
834.325;0.06253957867569834
834.643;0.06255676399149337
834.961;0.06256903985718525
835.28;0.06257427211329057
835.598;0.06257234681251221
835.916;0.06257005874511386
836.234;0.06258232883306117
836.552;0.0625823695356526
836.87;0.06257753757629937
837.188;0.06256475452304408
837.506;0.0625396444882991
837.824;0.06250287350563889
838.142;0.062466341000453784
838.46;0.062412787972115046
838.777;0.062352700918333684
839.095;0.06227821364253518
839.413;0.0622326335396945
839.731;0.06219603835509108
840.049;0.06216349247296582
840.367;0.06212751678655427
840.685;0.06208110555407492
841.002;0.06204244221823418
841.32;0.061990595103198494
841.638;0.06193587896759598
841.956;0.06188716764272994
842.273;0.0618381785959706
842.591;0.06178618410003157
842.909;0.06173484371395107
843.227;0.06168528192979346
843.544;0.06163613425612592
843.862;0.061585865388470364
844.18;0.06153922298850285
844.497;0.0614961162238467
844.815;0.06145475764556946
845.132;0.06141797623969868
845.45;0.06138165918301411
845.768;0.061354979863265116
846.085;0.061291768710572146
846.403;0.06122269425031049
846.72;0.06115470358587912
847.038;0.06109770052530856
847.355;0.061057205257111585
847.673;0.060998691648777414
847.99;0.06095026701636152
848.308;0.06090395204420735
848.625;0.060863489945273797
848.943;0.060825032102004656
849.26;0.06079483147310533
849.577;0.0607558670349744
849.895;0.060710855454781165
850.212;0.060661090702220734
850.529;0.06062224586149394
850.847;0.06058637704874392
851.164;0.06054446241687796
851.481;0.06051720190238543
851.799;0.06048902661374635
852.116;0.06047185580945786
852.433;0.06046459175709445
852.75;0.060459969516693954
853.068;0.06045881242988319
853.385;0.0604633625896426
853.702;0.06046193122670983
854.019;0.06046463863773929
854.336;0.06048142278998007
854.653;0.060504280798583644
854.971;0.0605307593719079
855.288;0.06054170051667292
855.605;0.060565659023987944
855.922;0.06058631198388264
856.239;0.06060911126441217
856.556;0.060643259885796295
856.873;0.06067931164701834
857.19;0.060705945586332265
857.507;0.060734486890091095
857.824;0.06077778861214208
858.141;0.0608209324936112
858.458;0.06086353959368299
858.775;0.06091062954454755
859.092;0.06095435210137173
859.409;0.06100302580266903
859.726;0.06106134835345414
860.043;0.0611229580560279
860.359;0.061189637595434776
860.676;0.06125152159068898
860.993;0.061319869177170944
861.31;0.061386088164141726
861.627;0.06145158245712659
861.944;0.061512211328174804
862.26;0.06156862323255342
862.577;0.06161906396421905
862.894;0.061660431443468514
863.211;0.0617051013334076
863.527;0.0617474150101425
863.844;0.061789196946031154
864.161;0.06183172388536197
864.477;0.061861277340840265
864.794;0.061885744068006183
865.111;0.06192866613856144
865.427;0.061964351500321785
865.744;0.061996778521694225
866.06;0.06202240363629293
866.377;0.06203709120737923
866.693;0.062046340913042064
867.01;0.06204934709295924
867.327;0.062051189398013046
867.643;0.06204655388108592
867.96;0.06203695112261481
868.276;0.06202863400910847
868.593;0.06202902429779247
868.909;0.062025388954955483
869.225;0.06201283132667974
869.542;0.061998392769378775
869.858;0.061979135827252965
870.175;0.061955508168734304
870.491;0.061930361453805254
870.807;0.06190039957431313
871.124;0.06186384746364976
871.44;0.06181546097412495
871.756;0.06174866982910242
872.073;0.06167429705944673
872.389;0.06160751835302734
872.705;0.061540463363668266
873.021;0.06148350304468725
873.338;0.061418504642895895
873.654;0.06135497653956266
873.97;0.061298475185038635
874.286;0.06122617812518018
874.602;0.061156108956821865
874.918;0.061091485539820085
875.235;0.061028629907726784
875.551;0.06096558144865285
875.867;0.060907260308238495
876.183;0.060852547724361265
876.499;0.06080020133834797
876.815;0.060753485574710546
877.131;0.06070554020014229
877.447;0.06066153630228321
877.763;0.060637669171258415
878.079;0.06061252283032224
878.395;0.06059591221897349
878.711;0.06057456625839265
879.027;0.06051891925231191
879.343;0.06047816673893732
879.659;0.060426683720515156
879.975;0.060383867628236366
880.291;0.0603495600889402
880.607;0.06031888495612662
880.922;0.06030038116978862
881.238;0.060275567324321544
881.554;0.06025252756171689
881.87;0.0602391311228781
882.186;0.06022732397290847
882.501;0.0602320914092934
882.817;0.06025444710121054
883.133;0.06027587723774472
883.449;0.060305124358087575
883.764;0.060349046298521836
884.08;0.060397790211875524
884.396;0.060444281368990986
884.711;0.060489682147872814
885.027;0.06053878315807656
885.343;0.060602434636442895
885.658;0.060693487535381986
885.974;0.06078445851568036
886.29;0.06087317710806603
886.605;0.060962426132692274
886.921;0.061056695874526674
887.236;0.061142315179318306
887.552;0.06123010616731885
887.867;0.06132580227485271
888.183;0.06141605354509259
888.498;0.061492584982126626
888.814;0.06156768207281024
889.129;0.06163540948580384
889.445;0.06169187808172242
889.76;0.06174352996871244
890.075;0.061801768141788095
890.391;0.061853828688650386
890.706;0.06190177952541745
891.021;0.0619449226900463
891.337;0.06200026244372576
891.652;0.062047501119680055
891.967;0.06208955282435913
892.283;0.062131120658939845
892.598;0.06216447454420222
892.913;0.06220940566826465
893.229;0.062249550586958226
893.544;0.062283101701909475
893.859;0.062313163189084086
894.174;0.06233696627211015
894.489;0.062363978543570946
894.804;0.06238492954422775
895.12;0.06241346400094469
895.435;0.062448306789346535
895.75;0.06247737439590039
896.065;0.0625046779261815
896.38;0.06253172043237461
896.695;0.0625341433945664
897.01;0.06253840082126672
897.325;0.06253428185158198
897.64;0.06253702873598882
897.955;0.06253327915869472
898.27;0.06253333239884534
898.585;0.06253405947344473
898.9;0.06253267133919414
899.215;0.06253168460780593
899.53;0.06251838879213233
899.845;0.06250201374403133
900.16;0.062472399506154484
900.475;0.062440820582876866
900.79;0.0624162168108402
901.104;0.06238734942488355
901.419;0.06235851021425885
901.734;0.062332834948733346
902.049;0.06229561017975969
902.364;0.0622592779026625
902.678;0.06222467737853102
902.993;0.06219843360755711
903.308;0.062177919521742446
903.623;0.06215279638620659
903.937;0.06212885889626819
904.252;0.06209526359412086
904.567;0.0620582805823169
904.881;0.062018206014553344
905.196;0.06197725459135544
905.511;0.0619461276649025
905.825;0.061917435955377305
906.14;0.06188184519765964
906.454;0.06184701769225714
906.769;0.06181677234161159
907.084;0.06178788003917184
907.398;0.06175955206153206
907.713;0.061731092229041794
908.027;0.06170285423033168
908.342;0.061670759093443474
908.656;0.06165069521802005
908.97;0.061636270177539525
909.285;0.06161738796694859
909.599;0.061595981604664354
909.914;0.06157238565896072
910.228;0.06155471782223114
910.542;0.06156398704097052
910.857;0.06157307763726489
911.171;0.061586869474677126
911.485;0.06159840841037379
911.8;0.061602930475966926
912.114;0.061589643653125144
912.428;0.061564792767476915
912.743;0.061556331287137604
913.057;0.06156123998772724
913.371;0.06157844879258351
913.685;0.061595591877043644
913.999;0.06160791289115593
914.314;0.061622028814149465
914.628;0.06163788286213185
914.942;0.06165246852529934
915.256;0.06165488016386887
915.57;0.06164785283886714
915.884;0.06164630457375316
916.198;0.0616475579083225
916.512;0.061653436883133766
916.827;0.06165449204990263
917.141;0.0616361697845655
917.455;0.06161417607570174
917.769;0.061596024234041244
918.083;0.06158670175469972
918.397;0.06158218195942935
918.711;0.06158361318999354
919.024;0.061593455409784025
919.338;0.06160228231727245
919.652;0.06160317401104441
919.966;0.06160582348944317
920.28;0.0616235188378385
920.594;0.061646415916504396
920.908;0.06166411467573083
921.222;0.061678654792386586
921.535;0.06169294150388336
921.849;0.061720314513610736
922.163;0.06175474761956112
922.477;0.06176159271928833
922.79;0.06176107780851746
923.104;0.061765589415417786
923.418;0.061768559702019436
923.732;0.061770335018284744
924.045;0.06176805641730789
924.359;0.061754399927038676
924.673;0.06173284563648785
924.986;0.061713373643262855
925.3;0.06169626189939895
925.614;0.06168097720415188
925.927;0.061667567102424034
926.241;0.061662011530061914
926.554;0.06164971175341485
926.868;0.06163280826003077
927.181;0.06160637009247892
927.495;0.0615855205969186
927.808;0.06158173552518872
928.122;0.06159207164280874
928.435;0.06159430005323694
928.749;0.06160453077069495
929.062;0.06164118735380699
929.376;0.06169161249762152
929.689;0.06173357970907666
930.002;0.061779331691993004
930.316;0.061825901534329354
930.629;0.06187921612994007
930.942;0.06193960921686341
931.256;0.06199988763289784
931.569;0.06206073556118987
931.882;0.06213908259242692
932.195;0.06221793995263974
932.509;0.06229014247735018
932.822;0.06235877316153477
933.135;0.06242506882183287
933.448;0.06248906484712046
933.762;0.06256422038620886
934.075;0.06263191643416291
934.388;0.06268491057530923
934.701;0.0627212934543522
935.014;0.06276142692957232
935.327;0.06279000544752325
935.64;0.06282513377993265
935.953;0.0628471227456556
936.266;0.06287505602071632
936.58;0.06290946869898563
936.893;0.062939502003929
937.206;0.06298103693896086
937.519;0.06303116126148509
937.832;0.06308618449095213
938.144;0.06313979737575014
938.457;0.06318199484166578
938.77;0.0632153821551628
939.083;0.06324568245630263
939.396;0.06327365438268572
939.709;0.06329030564931622
940.022;0.06329603879976199
940.335;0.06329393084427516
940.648;0.06329080797585881
940.96;0.06328244787608317
941.273;0.0632719046220278
941.586;0.06325508414422848
941.899;0.06323696756765035
942.211;0.06321175427754762
942.524;0.06318912956733926
942.837;0.0631700890095586
943.15;0.06314568771079941
943.462;0.06312730818610758
943.775;0.06310373865487923
944.088;0.06308017418401302
944.4;0.06305626080003446
944.713;0.06302189537216475
945.025;0.06298905432013743
945.338;0.06296497018244794
945.651;0.06294186564066347
945.963;0.06290754701429344
946.276;0.06288124745293053
946.588;0.06286731055407073
946.901;0.06286043424266621
947.213;0.06285012714219479
947.526;0.06284870796820805
947.838;0.06285622025975932
948.151;0.06285967213499902
948.463;0.06286464812730697
948.775;0.06286752032437419
949.088;0.06287412199921603
949.4;0.06287474028347098
949.713;0.0628742250134422
950.025;0.06287741241453519
950.337;0.0628781493583783
950.65;0.0628732125693883
950.962;0.06286251189329396
951.274;0.06285769417799972
951.586;0.06284497866257167
951.899;0.06282022823356838
952.211;0.06278520831499715
952.523;0.06275756172031274
952.835;0.06273109621973848
953.147;0.06268625767284375
953.46;0.06262863474023625
953.772;0.06260012768055769
954.084;0.06256960916098456
954.396;0.06253796821781524
954.708;0.06251844642833825
955.02;0.062491492509332294
955.332;0.06247068743431322
955.644;0.062456568640903175
955.956;0.062450965680302686
956.268;0.06244112430035763
956.58;0.06243582025141178
956.892;0.062443350794250854
957.204;0.06244981167832978
957.516;0.062452776666148214
957.828;0.062463579115870825
958.14;0.06247389673052535
958.452;0.06248805797944921
958.764;0.06251606488089645
959.076;0.06254347523151714
959.388;0.06257028033268659
959.699;0.06261375065511865
960.011;0.06266010600470867
960.323;0.06268838576944316
960.635;0.0627042305392079
960.947;0.06272324657499913
961.258;0.06274009394209547
961.57;0.06277111882806398
961.882;0.06280113155334385
962.194;0.06282267888774479
962.505;0.06283235619469774
962.817;0.06285695962186652
963.129;0.06286245514882635
963.44;0.06284560180834024
963.752;0.0628230598181297
964.063;0.06280552856914108
964.375;0.0627828275588098
964.687;0.06274882947615197
964.998;0.06271239554256725
965.31;0.06268065368843215
965.621;0.06265155599868476
965.933;0.06262877784616754
966.244;0.06259736232339455
966.556;0.06258307561460823
966.867;0.06255764015517148
967.179;0.06254764445414013
967.49;0.06253225706124751
967.801;0.06250715419411683
968.113;0.06248254730856084
968.424;0.06245271129564663
968.736;0.062418675687291966
969.047;0.062396850505873507
969.358;0.06237143021061978
969.67;0.062351420892823126
969.981;0.06233682096903825
970.292;0.06232951878023956
970.603;0.06232794881284273
970.915;0.062335345857706774
971.226;0.06236079864268921
971.537;0.06238974067150064
971.848;0.06241415531055602
972.16;0.062441501176943234
972.471;0.062466897917739905
972.782;0.062496597812806746
973.093;0.06252560579713357
973.404;0.06256061654649651
973.715;0.06258658200188988
974.026;0.0626080103068986
974.337;0.06263767080191805
974.648;0.06266236152600092
974.959;0.06268854538049137
975.27;0.06271644624142032
975.581;0.06273809247829376
975.892;0.06276102373046964
976.203;0.06277817177850417
976.514;0.06279361185945323
976.825;0.06280062179858943
977.136;0.06281381631185895
977.447;0.06281790262356983
977.758;0.06282352990612843
978.069;0.0628342899959422
978.38;0.06284493899571741
978.691;0.06285753082051732
979.001;0.0628667506245375
979.312;0.06288929744748165
979.623;0.06290196905469289
979.934;0.06291880575542659
980.244;0.06294365693335996
980.555;0.06297581846150546
980.866;0.06300551118821872
981.177;0.06303095305974403
981.487;0.06305385882328529
981.798;0.06306574488260548
982.109;0.06307181923330517
982.419;0.06306568369728614
982.73;0.06306323087563619
983.04;0.06307527051456194
983.351;0.0630960660901413
983.662;0.06310584541032636
983.972;0.06311227648619935
984.283;0.06311879324636684
984.593;0.06312038544966035
984.904;0.06311887251832639
985.214;0.06311271804626117
985.525;0.0631043598150702
985.835;0.06307458422184696
986.146;0.06304916806076974
986.456;0.06302453462812345
986.766;0.06298926462563172
987.077;0.06294492219627774
987.387;0.06290562863615395
987.698;0.06286377201714796
988.008;0.06282216580987925
988.318;0.06278263293361772
988.628;0.06274323816738474
988.939;0.06269752159887196
989.249;0.06264791029118295
989.559;0.0625986264114552
989.87;0.06254844937702254
990.18;0.0624972719068674
990.49;0.06245485164870685
990.8;0.062400908492586366
991.11;0.062355885281701426
991.42;0.06231111198890674
991.731;0.06227676003271611
992.041;0.06224098804041828
992.351;0.06220595199496121
992.661;0.0621629012387129
992.971;0.06211235034486984
993.281;0.06206272467070811
993.591;0.062018732080110064
993.901;0.061962889243327296
994.211;0.06191325716969295
994.521;0.061871364679202845
994.831;0.06183651999126791
995.141;0.06180461680938367
995.451;0.061777694904890525
995.761;0.06177171994035562
996.071;0.06175603003913889
996.381;0.061736711583877064
996.691;0.061721590505822876
997.0;0.06170407730350768
997.31;0.0616951873775975
997.62;0.06168665676336978
997.93;0.061685129782685776
998.24;0.06167356382335231
998.549;0.061668510064666233
998.859;0.0616814045081302
999.169;0.06169568862577497
999.479;0.06170975278896747
999.788;0.06173485653295361
1000.098;0.06175889573457416
1000.408;0.06178944450282605
1000.717;0.0618164414915832
1001.027;0.061845622587663795
1001.337;0.061877581709652435
1001.646;0.06188089714977421
1001.956;0.06189424396622408
1002.265;0.06189285006186756
1002.575;0.061898646944421404
1002.884;0.06191134572321074
1003.194;0.061918898771759566
1003.503;0.06193135757936911
1003.813;0.061940074344688165
1004.122;0.061941412603886525
1004.432;0.06193362960745381
1004.741;0.061923366723204955
1005.051;0.06190929804740776
1005.36;0.061887512544128914
1005.67;0.06187068482055567
1005.979;0.0618579857773742
1006.288;0.06184951288460839
1006.598;0.06183408462270269
1006.907;0.061817938169921455
1007.216;0.06181198385591598
1007.525;0.061807351446890146
1007.835;0.061804912583322005
1008.144;0.06183400071286631
1008.453;0.06186443099958208
1008.762;0.061894949630086536
1009.072;0.06192201345880375
1009.381;0.06194892468717661
1009.69;0.06197796267101795
1009.999;0.06200196172140201
1010.308;0.062032330597584624
1010.617;0.06205712032250474
1010.926;0.06208286413774262
1011.236;0.06211067600506462
1011.545;0.062125003594346494
1011.854;0.062133260901068715
1012.163;0.062135481895605346
1012.472;0.06213935078664259
1012.781;0.062145181562938606
1013.09;0.06215420682480504
1013.399;0.062159287450365315
1013.708;0.062152373888547226
1014.017;0.06213156927085512
1014.325;0.06210457693978572
1014.634;0.06207861727534415
1014.943;0.06204742154183381
1015.252;0.06200558234442205
1015.561;0.06196307537381918
1015.87;0.06190874031255108
1016.179;0.06185746376886936
1016.487;0.0618051231466541
1016.796;0.06174127398353887
1017.105;0.06168033880406545
1017.414;0.061619896237076505
1017.722;0.0615683605611028
1018.031;0.06152904318838852
1018.34;0.061488553758748725
1018.649;0.061448561036295944
1018.957;0.061401728904781044
1019.266;0.061348488108385016
1019.574;0.06130030173995927
1019.883;0.061268287234691236
1020.192;0.06124421695962637
1020.5;0.06122672451946191
1020.809;0.06120705884275393
1021.117;0.06118316179756918
1021.426;0.06115888159504399
1021.734;0.06114150217958857
1022.043;0.061109265718816475
1022.351;0.06108048869036556
1022.66;0.06104805867217106
1022.968;0.061016802653013846
1023.277;0.06099295665295823
1023.585;0.06097190467810824
1023.893;0.06095767411192162
1024.202;0.06093339221881441
1024.51;0.06091622704211146
1024.819;0.060904790500194206
1025.127;0.06089594655180672
1025.435;0.06087992290116783
1025.743;0.06086159226812744
1026.052;0.060838570849606546
1026.36;0.060801213420778495
1026.668;0.060750241240847526
1026.976;0.060692754035585356
1027.285;0.06064294597293066
1027.593;0.060602960294249206
1027.901;0.060560816900838935
1028.209;0.060528648543786874
1028.517;0.0605056303537577
1028.825;0.060492581936391565
1029.134;0.060484887168233054
1029.442;0.06047237109599577
1029.75;0.0604567599211495
1030.058;0.06044895642143872
1030.366;0.060443996247961575
1030.674;0.06043888837029822
1030.982;0.06042330741406945
1031.29;0.060405042716437804
1031.598;0.06037562703006269
1031.906;0.060358215501384774
1032.214;0.060340406571701755
1032.522;0.06036453945935996
1032.829;0.060389399731939575
1033.137;0.06042523748203774
1033.445;0.06047398098128389
1033.753;0.06051958142191731
1034.061;0.06056286581753553
1034.369;0.060599445953026874
1034.676;0.060633153463840454
1034.984;0.060673421710405295
1035.292;0.06070859791735717
1035.6;0.060744741127608054
1035.907;0.06079348726752307
1036.215;0.06085191433377908
1036.523;0.06090249900506136
1036.831;0.06094083931461428
1037.138;0.06097644401794562
1037.446;0.06102525148146225
1037.753;0.06107548192759237
1038.061;0.061141667646393005
1038.369;0.06120403110701672
1038.676;0.06127834922565827
1038.984;0.06132093190880765
1039.291;0.06136681975360629
1039.599;0.06140838788387254
1039.906;0.06143830255973265
1040.214;0.061473737498716874
1040.521;0.06149961892126866
1040.829;0.061527683524810424
1041.136;0.061555484219359045
1041.444;0.061592585235364206
1041.751;0.06162998464675703
1042.058;0.0616621794613559
1042.366;0.061698340435013495
1042.673;0.06173168033573025
1042.98;0.061764070732507476
1043.288;0.06180141006518408
1043.595;0.061836104790141774
1043.902;0.06186574705836601
1044.21;0.06190295235329369
1044.517;0.06194004692724751
1044.824;0.06198264672255614
1045.131;0.06201354648470881
1045.439;0.06204103620994123
1045.746;0.06206494302960249
1046.053;0.062108542872053585
1046.36;0.06215443697188246
1046.667;0.06220100793343782
1046.974;0.062249108738553764
1047.281;0.062302431779091026
1047.588;0.06235551338194678
1047.896;0.06240040099046282
1048.203;0.0624489357554383
1048.51;0.06249622600062434
1048.817;0.06253077760777402
1049.124;0.06255561453233438
1049.431;0.06258154539523135
1049.738;0.0626124896941789
1050.044;0.06264272852372654
1050.351;0.062666440219867
1050.658;0.06266822854023403
1050.965;0.06266402593397565
1051.272;0.06265484806387994
1051.579;0.06264348993594138
1051.886;0.06262986232966372
1052.193;0.06261544334043677
1052.499;0.06258420140808314
1052.806;0.06255699362131822
1053.113;0.06252268213294472
1053.42;0.062481483096180276
1053.726;0.06242503878999008
1054.033;0.06235475611194125
1054.34;0.06227680862873126
1054.647;0.06218864164932904
1054.953;0.06209698802014702
1055.26;0.061997202054548596
1055.566;0.06189890446729706
1055.873;0.06180145281293374
1056.18;0.061699004869964255
1056.486;0.0616004349344111
1056.793;0.06150382696350833
1057.099;0.06142714512386193
1057.406;0.06135408289313278
1057.712;0.06128204347255149
1058.019;0.061218608015576395
1058.325;0.06115332429164015
1058.632;0.06109735177226065
1058.938;0.06103413121632428
1059.245;0.060970984173379025
1059.551;0.06091154990335594
1059.857;0.06085190213842657
1060.164;0.06081472839620023
1060.47;0.060792134557729374
1060.777;0.06076781600553036
1061.083;0.060742626461193175
1061.389;0.0607154442804993
1061.695;0.06069602208579324
1062.002;0.06067614478330582
1062.308;0.06066778198599109
1062.614;0.06065739896801384
1062.92;0.0606509896692815
1063.227;0.060637529198016724
1063.533;0.06061199063929488
1063.839;0.06058305026947637
1064.145;0.060558208708616224
1064.451;0.060527366595088346
1064.757;0.06048130122040279
1065.063;0.060430443834365945
1065.37;0.06039355374425258
1065.676;0.06034994457701337
1065.982;0.06030253095718847
1066.288;0.06026461312735665
1066.594;0.0602154179266757
1066.9;0.06015949116645501
1067.206;0.060108335784698805
1067.512;0.060071213825632616
1067.818;0.06004380056117889
1068.123;0.06002995683948203
1068.429;0.0600212632187013
1068.735;0.06000105228403107
1069.041;0.05999539205116425
1069.347;0.05998179285647125
1069.653;0.0599732098996956
1069.959;0.05997410491416389
1070.264;0.059993393581227836
1070.57;0.06001620078154637
1070.876;0.06003344940484503
1071.182;0.06007099773041858
1071.487;0.06012076714865028
1071.793;0.060158916225706814
1072.099;0.0601976936871431
1072.405;0.06024130169741414
1072.71;0.06028005074278123
1073.016;0.06032601555077754
1073.321;0.06037474152262336
1073.627;0.06042023335135859
1073.933;0.0604655885363697
1074.238;0.06051893697762443
1074.544;0.06056828547533411
1074.849;0.06061788769158014
1075.155;0.06067277473952889
1075.46;0.060716605100734074
1075.766;0.060759009573821264
1076.071;0.06080129227754629
1076.377;0.06085070986469299
1076.682;0.060880250511813436
1076.988;0.06090059340738677
1077.293;0.060926221123476024
1077.598;0.06095277028738348
1077.904;0.060969891765412135
1078.209;0.060991183487903715
1078.514;0.0610170560288507
1078.82;0.06104319347589171
1079.125;0.06106895712054036
1079.43;0.061087380966423126
1079.736;0.0611061940810226
1080.041;0.061133702198436994
1080.346;0.061153562934896294
1080.651;0.06115700068415413
1080.956;0.06114883095845048
1081.262;0.06114396020343111
1081.567;0.06114134039057005
1081.872;0.061138716858527085
1082.177;0.061244553078475206
1082.482;0.06139835769575674
1082.787;0.06119464931966328
1083.092;0.061074599004789544
1083.397;0.061292130545979824
1083.702;0.06136500408124369
1084.007;0.06111970992393643
1084.312;0.060862946368825874
1084.617;0.061113906302216546
1084.922;0.06136417098771108
1085.227;0.061379414956369775
1085.532;0.0614089200699303
1085.837;0.06143698272956648
1086.142;0.061463444508581544
1086.447;0.06148814698027876
1086.752;0.06151093171796137
1087.057;0.06153164029493263
1087.361;0.061550114284495805
1087.666;0.061566195259954146
1087.971;0.061579724794610886
1088.276;0.061590544461769314
1088.581;0.06159849583473265
1088.885;0.061603420486804165
1089.19;0.061605159991287115
1089.495;0.06160355592148475
1089.799;0.061598449850700315
1090.104;0.06158968335223707
1090.409;0.06157709799939828
1090.713;0.06156053536548719
1091.018;0.06153983702380704
1091.323;0.06151484454766111
1091.627;0.06148539951035263
1091.932;0.06145134348518487
1092.236;0.06141251804546108
1092.541;0.0613687647644845
1092.845;0.06131992521555841
1093.15;0.06126584097198604
1093.454;0.061206353607070656
1093.759;0.06114130469411551
1094.063;0.06107053580642385
1094.368;0.06099388851729894
1094.672;0.06091120440004403
1094.976;0.06082232502796236
1095.281;0.0607270919743572
1095.585;0.0606253468125318
1095.889;0.06051693111578943
1096.194;0.06040168645743331
1096.498;0.06027945441076671
1096.802;0.060150076549092886
1097.107;0.060013394445715094
1097.411;0.059869249673936586
1097.715;0.05971748380706061
1098.019;0.059557938418390424
1098.323;0.059390455081229275
1098.628;0.05921487536888043
1098.932;0.05903104085464714
1099.236;0.058838793111832655
1099.54;0.05863797371374022
1099.844;0.0584284242336731
1100.148;0.05820998624493455
