Wavelength;Intensity
174.456;0.3277592301174183
174.799;0.3279709183011284
175.142;0.3281742741638987
175.485;0.32836939150432903
175.828;0.3285563641210191
176.17;0.32873528581256867
176.513;0.32890625037757765
176.856;0.32906935161464584
177.199;0.329224683322373
177.542;0.3293723392993589
177.884;0.3295124133442034
178.227;0.32964499925550633
178.57;0.3297701908318674
178.913;0.32988808187188656
179.255;0.32999876617416346
179.598;0.33010233753729795
179.941;0.3301988897598899
180.284;0.33028851664053904
180.626;0.33037131197784525
180.969;0.3304473695704082
181.312;0.3305167832168278
181.654;0.33057964671570383
181.997;0.33063605386563616
182.34;0.33068609846522445
182.682;0.33072987431306866
183.025;0.33076747520776845
183.368;0.3307989949479237
183.71;0.3308245273321342
184.053;0.3308441661589998
184.395;0.3308580052271202
184.738;0.3308661383350953
185.081;0.33086865928152487
185.423;0.33086566186500865
185.766;0.3308572398841466
186.108;0.33084348713753836
186.451;0.33082449742378384
186.793;0.3308003645414828
187.136;0.3307711822892351
187.478;0.3307370444656404
187.821;0.33069804486929866
188.163;0.3306542772988096
188.506;0.33060583555277306
188.848;0.3305528134297888
189.191;0.33049530472845673
189.533;0.3304334032473765
189.876;0.33036720278514803
190.218;0.3302967971403711
190.561;0.33022228011164545
190.903;0.3301437454975709
191.245;0.33006128709674737
191.588;0.3299749987077745
191.93;0.3298849741292523
192.272;0.32979130715978033
192.615;0.3296940915979586
192.957;0.3295934212423867
193.3;0.3294893898916647
193.642;0.32938209134439217
193.984;0.32927161939916905
194.327;0.3291580678545951
194.669;0.32904153050927015
195.011;0.3289221011617939
195.353;0.3287998736107663
195.696;0.328674941654787
196.038;0.328547399092456
196.38;0.3284173397223729
196.722;0.32828485734313767
197.065;0.32815004575335
197.407;0.3280129987516098
197.749;0.32787381013651673
198.091;0.3277325737066707
198.434;0.32758938326067144
198.776;0.32744433259711886
199.118;0.32729751551461267
199.46;0.32714902581175276
199.802;0.32699895728713885
200.144;0.32684740373937077
200.487;0.3266944589670483
200.829;0.3265402167687713
201.171;0.32638477094313956
201.513;0.32622821528875284
201.855;0.326070643604211
202.197;0.3259121496881138
202.539;0.3257528273390611
202.881;0.3255927703556526
203.223;0.3254320725364882
203.565;0.3252708276801677
203.907;0.3251091295852908
204.249;0.3249470720504575
204.591;0.3247847488742674
204.933;0.3246222538553204
205.275;0.32445968079221627
205.617;0.3242971234835549
205.959;0.324134675727936
206.301;0.32397243132395936
206.643;0.3238104840702249
206.985;0.3236489277653323
207.327;0.32348785620788145
207.669;0.32332736319647204
208.011;0.32316754252970403
208.353;0.32300848800617715
208.695;0.32214993438483547
209.037;0.32124832602897596
209.379;0.32217514160241306
209.721;0.3224753588591081
210.062;0.32166939817396356
210.404;0.3213353413282982
210.746;0.32164143806494677
211.088;0.32188493395939854
211.43;0.3213579218562728
211.772;0.3209972476377409
212.113;0.3209310743642399
212.455;0.32086832926735454
212.797;0.32080464508739154
213.139;0.3207102278447509
213.48;0.32066416532841935
213.822;0.32063434089930165
214.164;0.3205860917523449
214.506;0.32055948534236894
214.847;0.32058220263293663
215.189;0.32061167354953596
215.531;0.32061689639068874
215.872;0.3206087300345115
216.214;0.3206137929488961
216.556;0.3206294890382974
216.898;0.3206607446778253
217.239;0.32068029351554167
217.581;0.3207103551930543
217.922;0.3207297921087045
218.264;0.32075766331950334
218.606;0.3208114826036172
218.947;0.3208089413665883
219.289;0.32078430430536936
219.63;0.3207410278976671
219.972;0.32073077239962455
220.314;0.32073186021936456
220.655;0.32068165129138126
220.997;0.32061090235974143
221.338;0.3205640223179803
221.68;0.3205251998206779
222.021;0.3204656099531592
222.363;0.3203972123082157
222.704;0.32033790684131624
223.046;0.3203312627659208
223.387;0.32031944951425445
223.729;0.32031510981625877
224.07;0.3202854395461556
224.412;0.32026093878993156
224.753;0.3202055124854048
225.094;0.32016119143795246
225.436;0.32013365775307745
225.777;0.32007517778594663
226.119;0.31999019484467445
226.46;0.31979863242143974
226.801;0.3196784566430716
227.143;0.31957757955709304
227.484;0.3194726451015243
227.825;0.3193784081341332
228.167;0.3193278541422634
228.508;0.31927674730369326
228.849;0.31921566733948487
229.191;0.3191506036105181
229.532;0.3190821187254315
229.873;0.3190396439949272
230.215;0.3188967798877589
230.556;0.3187741257153856
230.897;0.3186628399851432
231.238;0.31860099456480984
231.58;0.318559903597393
231.921;0.31854935765260545
232.262;0.3185753744982794
232.603;0.31861221967638154
232.944;0.31864372569947524
233.286;0.3187006802203594
233.627;0.3189197988358635
233.968;0.3191163967240787
234.309;0.31930397206865385
234.65;0.31949612855472964
234.991;0.31973365664343684
235.332;0.31996165000265664
235.673;0.32016977508130967
236.015;0.32039270827525423
236.356;0.32060575955004517
236.697;0.3208407868452433
237.038;0.32105182323579085
237.379;0.32135133227970675
237.72;0.321624812214452
238.061;0.32191187224496953
238.402;0.3221603214639861
238.743;0.3223869143004266
239.084;0.32265754317725287
239.425;0.32289239123454344
239.766;0.32311305258739104
240.107;0.3233559829674233
240.448;0.32360377696544895
240.789;0.32383932204123084
241.13;0.3240399361138428
241.471;0.32423021450437
241.812;0.3244320540680823
242.153;0.3246208415296515
242.494;0.32481683982246984
242.834;0.32503672274671264
243.175;0.3252427301237076
243.516;0.3254488427790331
243.857;0.32566591571258735
244.198;0.3259182769506249
244.539;0.32614722243211375
244.88;0.3264090074912523
245.22;0.3266111790814667
245.561;0.3268374799796095
245.902;0.32705538846192433
246.243;0.3272406300368485
246.584;0.32742105443872965
246.924;0.32759215902545846
247.265;0.32777473848681365
247.606;0.32796320245762256
247.947;0.3281655063426173
248.287;0.3283633930660473
248.628;0.3285734237343806
248.969;0.32879271551686307
249.31;0.32900786505800084
249.65;0.3292192588073551
249.991;0.329400080566318
250.332;0.3295580847681128
250.672;0.3297059290707105
251.013;0.32983170049393307
251.354;0.3299378246362024
251.694;0.33005243792852573
252.035;0.33012719613962244
252.375;0.330210056137028
252.716;0.33028888119576977
253.057;0.3303474142224448
253.397;0.3304013284515054
253.738;0.3304679256118914
254.078;0.33053571851302394
254.419;0.33060505819164826
254.759;0.33062604089306247
255.1;0.3306214337437235
255.44;0.3306369355528983
255.781;0.3306275879867179
256.121;0.3305914374101894
256.462;0.3305323921997896
256.802;0.33046830402924077
257.143;0.33042004668304137
257.483;0.3303786721676743
257.824;0.33035556455835485
258.164;0.3303379508855656
258.505;0.3303144198269403
258.845;0.33030326571661356
259.185;0.3303088032675766
259.526;0.3303578139595918
259.866;0.33040000109094186
260.207;0.33047976511194715
260.547;0.3305032912144029
260.887;0.3305335911453747
261.228;0.3305548746635361
261.568;0.3305464180864668
261.908;0.33056544182223974
262.249;0.330564516568745
262.589;0.3305185212662571
262.929;0.3304523243897983
263.269;0.3303813044705449
263.61;0.33026644885366624
263.95;0.330150352582428
264.29;0.3300309998567235
264.63;0.3299150807398391
264.971;0.3297995504126492
265.311;0.3296554990063978
265.651;0.32950684126387975
265.991;0.3293232314638943
266.331;0.329128879486735
266.672;0.3288939615729258
267.012;0.32864029314015936
267.352;0.3283879172128064
267.692;0.32819001318836505
268.032;0.32799672724178475
268.372;0.3277870861725439
268.713;0.3275826185435489
269.053;0.32737643816790446
269.393;0.3271675075743816
269.733;0.32699874411458446
270.073;0.32682246184637936
270.413;0.32662350654152505
270.753;0.32646957029896745
271.093;0.3263237484426196
271.433;0.3261890400258635
271.773;0.32605701108811763
272.113;0.32589676371965615
272.453;0.32573430798357933
272.793;0.3255489745339224
273.133;0.32539069928312486
273.473;0.325227417433642
273.813;0.3250907583895465
274.153;0.3249537024412485
274.493;0.3247979989584704
274.833;0.3246560781900873
275.173;0.3245115577810825
275.513;0.3243691020271155
275.852;0.324232644479883
276.192;0.324115428533615
276.532;0.3240332702022151
276.872;0.32393777681196295
277.212;0.3238945160374722
277.552;0.3238865180985077
277.892;0.32387646529124764
278.231;0.32383547062345563
278.571;0.3237969166361254
278.911;0.3237673785199059
279.251;0.32375323647325754
279.591;0.32374409743716964
279.93;0.3237599031325459
280.27;0.32375536357710466
280.61;0.3237566796624154
280.95;0.32377620730588724
281.289;0.32381654547827876
281.629;0.32383204103812224
281.969;0.32380344462203003
282.308;0.32378530984354226
282.648;0.3237556271592258
282.988;0.32370494593128146
283.328;0.32358991864185893
283.667;0.3234444513821264
284.007;0.32330188635611806
284.346;0.32313940047252687
284.686;0.3229572322138013
285.026;0.3227689695669648
285.365;0.322595149361403
285.705;0.32237062562576685
286.044;0.32211506709870746
286.384;0.3218885027700472
286.724;0.32163431175710433
287.063;0.3213674086629415
287.403;0.3211168605962507
287.742;0.3208798781420093
288.082;0.32061403740762484
288.421;0.32033574905816914
288.761;0.3201041262998211
289.1;0.3199279348398328
289.44;0.3197341895955158
289.779;0.3195593348573225
290.119;0.31938889088786804
290.458;0.3192569542649686
290.797;0.31916684954219693
291.137;0.31906676944421625
291.476;0.3189485075019373
291.816;0.3188146927123436
292.155;0.3186586733263109
292.494;0.31850384828760675
292.834;0.31838287797851417
293.173;0.3182880448614024
293.512;0.31814921572726707
293.852;0.31804724262509404
294.191;0.3179481156621751
294.53;0.31796785313574366
294.87;0.3179499764388467
295.209;0.31792890009546704
295.548;0.31789933271249854
295.888;0.3178701510263936
296.227;0.3178121312217991
296.566;0.31775332207018286
296.905;0.3176923160002665
297.245;0.3176393226249922
297.584;0.3176041901917019
297.923;0.31751033056203004
298.262;0.31748419201882455
298.601;0.31750108481649897
298.941;0.31755436221015204
299.28;0.3176348330537497
299.619;0.3177093598097364
299.958;0.3178009248848619
300.297;0.31789615102070395
300.636;0.31798865150547784
300.975;0.31812621569751315
301.315;0.3182785040081494
301.654;0.3182877028428632
301.993;0.31829986212689415
302.332;0.31828762935561444
302.671;0.3182874132942416
303.01;0.3182482546188513
303.349;0.31820263092234435
303.688;0.3181441549921311
304.027;0.31808669100964254
304.366;0.31806015685710687
304.705;0.3179823150666551
305.044;0.317951289158275
305.383;0.3178008386475335
305.722;0.3176613486861403
306.061;0.3175100716364186
306.4;0.3173822004989795
306.739;0.317285559126937
307.078;0.31716908111032077
307.417;0.3170482293703561
307.755;0.316958882542622
308.094;0.31685699138640255
308.433;0.31676053227385803
308.772;0.3166714774084951
309.111;0.3166144883739653
309.45;0.31659074080755045
309.789;0.3165499503408129
310.127;0.31650983869086585
310.466;0.3164520650903757
310.805;0.31641446764817843
311.144;0.31640353484884515
311.483;0.316366926827878
311.821;0.3163320015901811
312.16;0.3162634053633738
312.499;0.3162415407860211
312.838;0.3161613408039326
313.176;0.3160981999476337
313.515;0.31601514516118256
313.854;0.31591791053506324
314.192;0.31582470345522945
314.531;0.3157441683101579
314.87;0.3156725012957932
315.208;0.3155783905922926
315.547;0.3154717579682366
315.886;0.31535147481227244
316.224;0.3152269124931643
316.563;0.31510278361840904
316.902;0.31497924466393584
317.24;0.31486190796035857
317.579;0.3147429318600313
317.917;0.31463267301526804
318.256;0.31452347883816983
318.594;0.31441313592534853
318.933;0.31432597003153684
319.272;0.3142457104190243
319.61;0.3141344882059448
319.949;0.3140455215218347
320.287;0.3139517248807398
320.626;0.3138446543045738
320.964;0.31373508360476177
321.303;0.31358559429401595
321.641;0.31342294828707207
321.979;0.3132396797076948
322.318;0.3130241339902174
322.656;0.31281129831467036
322.995;0.3126155919125394
323.333;0.31239168409935364
323.671;0.31213911560867336
324.01;0.3118986056166569
324.348;0.3116590126153504
324.687;0.31144698335891113
325.025;0.3112140110363513
325.363;0.3109283464710158
325.702;0.3106676220301127
326.04;0.310416662459612
326.378;0.31016100642228395
326.717;0.3099162999317536
327.055;0.30968199927353207
327.393;0.3094110644045554
327.731;0.3091263352823185
328.07;0.30882148757599565
328.408;0.3085910797172007
328.746;0.3083631250637905
329.084;0.3081339815512289
329.422;0.30792410471428
329.761;0.30768643545490815
330.099;0.3074102738757463
330.437;0.3071621332481273
330.775;0.30694514681168034
331.113;0.3067409810681348
331.451;0.30659411247178947
331.79;0.3064166666396764
332.128;0.30622315782083054
332.466;0.3060414056517547
332.804;0.30584543609526177
333.142;0.3056719159315766
333.48;0.30549830443688586
333.818;0.30538088265480196
334.156;0.30525274713658196
334.494;0.3051412998278627
334.832;0.30502785049331316
335.17;0.3049227021606884
335.508;0.30478605102555195
335.846;0.3046407764364985
336.184;0.3044940471077567
336.522;0.30435012436834336
336.86;0.3042315288697456
337.198;0.30415687195315183
337.536;0.30407701323133024
337.874;0.3040159087660083
338.212;0.30398645035719474
338.55;0.30388986746955166
338.888;0.30381545927657955
339.226;0.3037738782710547
339.564;0.30376875474661863
339.901;0.30377516412082195
340.239;0.30378782793885956
340.577;0.30383613974945606
340.915;0.3038747877006482
341.253;0.3039223989569263
341.591;0.30398826651341904
341.928;0.3041004185428676
342.266;0.3042348856181805
342.604;0.3043625960164755
342.942;0.30447541658159694
343.279;0.30461225700762434
343.617;0.3047746120742391
343.955;0.3049219519870213
344.293;0.3050507574045559
344.63;0.30519350923842875
344.968;0.30529122472346953
345.306;0.3053506286805511
345.643;0.30544052413383677
345.981;0.3055247149858513
346.319;0.30560101019669406
346.656;0.3056405047343895
346.994;0.3056490733774946
347.332;0.30565759125636716
347.669;0.30566023530479175
348.007;0.3056445270428692
348.344;0.30559983908440086
348.682;0.3055304737326638
349.02;0.30543832519460706
349.357;0.30534363538841497
349.695;0.3052797958926744
350.032;0.3052113724463921
350.37;0.30513967617937393
350.707;0.30505868572153416
351.045;0.30502379852425066
351.382;0.305027528231792
351.72;0.3050337027582045
352.057;0.3050667830263774
352.395;0.3050881662408983
352.732;0.30508282644836865
353.07;0.3050830018014061
353.407;0.3051024081086803
353.744;0.30515511175255966
354.082;0.30520356154174716
354.419;0.3052879041848943
354.757;0.3053553797380701
355.094;0.30543070520075843
355.431;0.3055395942465788
355.769;0.3056451154327327
356.106;0.3057532334025723
356.443;0.3058436577502397
356.781;0.30590213354427565
357.118;0.30596452283228587
357.455;0.3060086422451771
357.793;0.30602319810409245
358.13;0.30600750511496616
358.467;0.30597197443036683
358.804;0.30592274934398667
359.142;0.30586735396314396
359.479;0.3058226683080964
359.816;0.3058426646499099
360.153;0.3058527694316038
360.49;0.30581705848040197
360.828;0.3057656809948044
361.165;0.3057283410761211
361.502;0.3056226031953812
361.839;0.30550743670199315
362.176;0.3053844649128248
362.513;0.3052767962603092
362.85;0.30519541363602737
363.187;0.30513538387485034
363.525;0.3050808935331072
363.862;0.30503279547061124
364.199;0.30501472101765675
364.536;0.30501808557162635
364.873;0.30504620316518466
365.21;0.30508709613181106
365.547;0.3051609175499147
365.884;0.30524197208201226
366.221;0.305323983532677
366.558;0.30540246323290837
366.895;0.3054487070234402
367.232;0.30543510057142
367.569;0.3054299912600428
367.906;0.30543942596116874
368.243;0.3054574758190893
368.58;0.3054799733389335
368.916;0.3055026363923194
369.253;0.30554430562071927
369.59;0.30557747866178103
369.927;0.3056185244964141
370.264;0.3056409127658204
370.601;0.30566294628675417
370.938;0.30569298434410913
371.275;0.30573874588211125
371.611;0.30576238973583875
371.948;0.3057676743025632
372.285;0.30580992523214195
372.622;0.30582058631840636
372.958;0.305901538544792
373.295;0.30597410897220656
373.632;0.3060545837693177
373.969;0.30612056933157183
374.305;0.3062585688783384
374.642;0.3064105476618847
374.979;0.30654849038672993
375.316;0.3066782006801039
375.652;0.3068336365495134
375.989;0.306996741250503
376.326;0.3071110357591637
376.662;0.307181075805912
376.999;0.3072402346558787
377.336;0.30731485677722253
377.672;0.30737909504683963
378.009;0.30743032921331354
378.345;0.30743171967462085
378.682;0.30744672875578205
379.019;0.30748656432174576
379.355;0.3074788298845707
379.692;0.3074738902481536
380.028;0.30740192629320046
380.365;0.3073494110338522
380.701;0.3072854433406874
381.038;0.3072271815513635
381.374;0.30718047761783923
381.711;0.3071073533916248
382.047;0.30702855660739675
382.384;0.3069095618409908
382.72;0.30674212554156205
383.056;0.30657007922594326
383.393;0.3064347182789254
383.729;0.3063136838315252
384.066;0.3061738765397874
384.402;0.3060116346711049
384.738;0.30582731047286865
385.075;0.30559574801110123
385.411;0.30535678121903265
385.748;0.30508146736349734
386.084;0.3047926622899139
386.42;0.3045030016010085
386.757;0.3068284203819356
387.093;0.3090214748490147
387.429;0.31110810102914294
387.765;0.31313777295437484
388.102;0.31507203763266645
388.438;0.31684964505499497
388.774;0.3185608575017508
389.11;0.320228000037919
389.447;0.32180951400036656
389.783;0.32326836540208936
390.119;0.3246364647655872
390.455;0.3259452752754049
390.791;0.3271918301211392
391.128;0.3283193194713236
391.464;0.3293597099377013
391.8;0.33036722494762083
392.136;0.3312871951108251
392.472;0.33207513486915413
392.808;0.3328077318976844
393.144;0.3334971893395488
393.48;0.33409142391379504
393.816;0.3345606290765582
394.152;0.3349382794788903
394.489;0.33527334121165014
394.825;0.3355452677748681
395.161;0.3357078944475804
395.497;0.3357939270813538
395.833;0.3358205108552021
396.169;0.33577760549046276
396.505;0.33561582229919584
396.841;0.3353770590243494
397.176;0.3351281178148427
397.512;0.33485737907143853
397.848;0.33448061319142697
398.184;0.3340217877743865
398.52;0.3335398249793318
398.856;0.3329791378900269
399.192;0.33232271597589713
399.528;0.3316176726051036
399.864;0.3309095326806377
400.2;0.33014492156912667
400.535;0.32928379043187495
400.871;0.3283629923779274
401.207;0.3274041856017674
401.543;0.32640206570023966
401.879;0.3253124167289561
402.214;0.32419374248180044
402.55;0.32307163467333944
402.886;0.3219023991369329
403.222;0.3206429250281012
403.557;0.3193411712213715
403.893;0.31803864956814404
404.229;0.3166846541709692
404.565;0.3152041329072914
404.9;0.3136605967098271
405.236;0.3121198088972806
405.572;0.3105570489413101
405.907;0.3089405480929485
406.243;0.3072725116909667
406.579;0.30558655956434955
406.914;0.3038236769892451
407.25;0.3019808282045521
407.585;0.300092524919237
407.921;0.2982008877444903
408.257;0.29627823367437545
408.592;0.29426926582203217
408.928;0.2921960695132002
409.263;0.29008678619045886
409.599;0.2879463639512739
409.934;0.2857280834862176
410.27;0.2834855138055656
410.605;0.28126008657319096
410.941;0.27899596282367783
411.276;0.2766590246963031
411.612;0.2742915950975584
411.947;0.2719301057234751
412.283;0.2695600684265238
412.618;0.2670933004075726
412.953;0.264570177758359
413.289;0.2620730803265085
413.624;0.2595638839100273
413.96;0.2570027735046797
414.295;0.25441557013358473
414.63;0.2518418384012887
414.966;0.24924199051616824
415.301;0.246584083053684
415.636;0.24391639631736262
415.972;0.2412842026397145
416.307;0.23864358148763032
416.642;0.23593549247247603
416.977;0.23320598265273235
417.313;0.23050129083304857
417.648;0.22777476652197048
417.983;0.22499354209065314
418.318;0.22218508039099266
418.654;0.21939378925003952
418.989;0.21659189780101248
419.324;0.21372381350731268
419.659;0.2108555167506913
419.994;0.20804260149154305
420.33;0.2052228727020325
420.665;0.2023521165661798
421.0;0.19947172874522667
421.335;0.19663109380989574
421.67;0.1937795301789864
422.005;0.19088868347362428
422.34;0.18798703934244407
422.675;0.1851118740556035
423.01;0.18226153932827313
423.345;0.1793680830094793
423.681;0.17648233559691193
424.016;0.17364505402135802
424.351;0.1708175764821494
424.686;0.16796609811115798
425.021;0.16513865749601905
425.356;0.16236507576990963
425.691;0.159600264474052
426.025;0.15680194485067506
426.36;0.15401366654171944
426.695;0.15128227886235363
427.03;0.1485375781701612
427.365;0.14576035428169828
427.7;0.14301349599236346
428.035;0.14031685977001543
428.37;0.13763537871153747
428.705;0.13496795559329003
429.04;0.13233309800477988
429.374;0.12977124659148942
429.709;0.12724828019390394
430.044;0.12468547505177557
430.379;0.12214049950009298
430.714;0.11966064157273781
431.048;0.11721507400534334
431.383;0.11472675853174442
431.718;0.11224286854470844
432.053;0.10980869251510329
432.387;0.10739609836370378
432.722;0.1049731555266961
433.057;0.10257820124420931
433.392;0.10024323321011618
433.726;0.0979319463529443
434.061;0.09561142877371206
434.396;0.09339330701046188
434.73;0.09124496037990501
435.065;0.08912959662965007
435.4;0.08700234191534084
435.734;0.08489827655519011
436.069;0.08287136128551702
436.403;0.08088151938324015
436.738;0.07887575046690681
437.073;0.07690395553621851
437.407;0.0750206612659996
437.742;0.07320575719028262
438.076;0.07138533456057439
438.411;0.06961228953891106
438.745;0.06795525798200862
439.08;0.06636846439183788
439.414;0.0647976021910096
439.749;0.06328905152931187
440.083;0.06186149744798435
440.418;0.060504940700021694
440.752;0.05916026155090782
441.086;0.057884012808925515
441.421;0.05663428581099895
441.755;0.05543952548399665
442.09;0.054291888917584054
442.424;0.05320679160175586
442.758;0.05220440114452367
443.093;0.05125933840257537
443.427;0.05037401263454451
443.761;0.04958521029754201
444.096;0.04889734175551263
444.43;0.04827830365312585
444.764;0.04768730383531812
445.099;0.04717943579184463
445.433;0.04681797880955578
445.767;0.0465238652654265
446.101;0.04624084166547284
446.436;0.04606014995545783
446.77;0.046001274241457356
447.104;0.04606389257561089
447.438;0.04617067465418173
447.773;0.04638131188972094
448.107;0.04672981940770627
448.441;0.047190464714966
448.775;0.047727986971245674
449.109;0.048347503211700414
449.443;0.049151276549411746
449.777;0.05012221364916526
450.112;0.051174353369355115
450.446;0.05231577622944298
450.78;0.053601272645897285
451.114;0.055040514036485695
451.448;0.05657878150652467
451.782;0.0582572263253332
452.116;0.0601638619711946
452.45;0.062239902641879896
452.784;0.06444305175638756
453.118;0.06682244650705639
453.452;0.06939323460893058
453.786;0.06939323460893058
454.12;0.06939323460893058
454.454;0.06939323460893058
454.788;0.06939323460893058
455.122;0.06939323460893058
455.456;0.06939323460893058
455.79;0.06939323460893058
456.123;0.06939323460893058
456.457;0.06939323460893058
456.791;0.06939323460893058
457.125;0.06939323460893058
457.459;0.06939323460893058
457.793;0.06939323460893058
458.127;0.06939323460893058
458.46;0.06939323460893058
458.794;0.06939323460893058
459.128;0.06939323460893058
459.462;0.06939323460893058
459.795;0.06939323460893058
460.129;0.06939323460893058
460.463;0.06939323460893058
460.797;0.06939323460893058
461.13;0.06939323460893058
461.464;0.06939323460893058
461.798;0.06939323460893058
462.131;0.06939323460893058
462.465;0.06939323460893058
462.799;0.06939323460893058
463.132;0.06939323460893058
463.466;0.06939323460893058
463.8;0.06939323460893058
464.133;0.06939323460893058
464.467;0.06939323460893058
464.8;0.06939323460893058
465.134;0.06939323460893058
465.468;0.06939323460893058
465.801;0.06939323460893058
466.135;0.06939323460893058
466.468;0.06939323460893058
466.802;0.06387692676939895
467.135;0.058617276650211415
467.469;0.05362417310203792
467.802;0.04886778133839787
468.136;0.044294126885219214
468.469;0.03996414222475497
468.802;0.03588520144669477
469.136;0.032019450089585795
469.469;0.028341360744420466
469.803;0.02488728016737147
470.136;0.02171124221988094
470.469;0.018740993485484456
470.803;0.015942471985443244
471.136;0.013367258047994327
471.469;0.011053304698324978
471.803;0.008965363198000393
472.136;0.007064162836383922
472.469;0.005378285696644878
472.803;0.00395296769309827
473.136;0.0027467287193675793
473.469;0.0017427333352861075
473.803;0.0009515016862033766
474.136;0.0004179670726153481
474.469;0.00011871242656567343
474.802;0.0
475.135;9.290685280812092e-05
475.469;0.00043940494824493414
475.802;0.0010287279874443076
476.135;0.001806226347018455
476.468;0.0028071404350824784
476.801;0.004073655562062449
477.134;0.005551481256457739
477.468;0.007217038033485082
477.801;0.009119128342435919
478.134;0.01129082028073521
478.467;0.013685331180713299
478.8;0.016272558297500517
479.133;0.019061266609726606
479.466;0.0221112329983237
479.799;0.025401340909183168
480.132;0.02884723964493084
480.465;0.032503308251203344
480.798;0.036426193066430745
481.131;0.04055725660526887
481.464;0.044873427772827476
481.797;0.049405688582272955
482.13;0.054201185960872186
482.463;0.0592136710603373
482.796;0.06436253012280398
483.129;0.0697068282362511
483.462;0.07529225493772544
483.794;0.081090577262886
484.127;0.08705177215041021
484.46;0.09322326605297919
484.793;0.09963702703258162
485.126;0.1062586471350367
485.459;0.11303114507737279
485.792;0.11996674996146268
486.124;0.12715979266236513
486.457;0.13452121388073485
486.79;0.14200704246829912
487.123;0.14967990876818726
487.455;0.1575752455185444
487.788;0.16562725206695655
488.121;0.1737983877530135
488.454;0.1821244539880092
488.786;0.19064486489119006
489.119;0.19932616095287475
489.452;0.2080909175079246
489.784;0.21700657325228312
490.117;0.22609321393676587
490.45;0.23532136135733997
490.782;0.24461687675108088
491.115;0.25402496068369695
491.448;0.2635788562721285
491.78;0.27322472176984813
492.113;0.28292723289451216
492.445;0.2927191631014359
492.778;0.30265501315254023
493.11;0.3126593868278647
493.443;0.3227120928305965
493.775;0.3328366899388704
494.108;0.34306687928402196
494.44;0.3533310555216333
494.773;0.36362528958226487
495.105;0.37398090381148225
495.438;0.38443206042082423
495.77;0.3949130528718241
496.103;0.4053676410908189
496.435;0.4158765768254144
496.768;0.4264603347392173
497.1;0.4370359003728838
497.432;0.4475695364658049
497.765;0.4581276281818498
498.097;0.4687472843325588
498.429;0.4793624008498068
498.762;0.4899403156203488
499.094;0.5005185962755878
499.426;0.5111394633080968
499.759;0.5217480950872183
500.091;0.5322998352323196
500.423;0.542830146492028
500.756;0.553392320809744
501.088;0.5639503557822994
501.42;0.57444002830628
501.752;0.5848871517307609
502.085;0.5953385850999688
502.417;0.6057516693652453
502.749;0.6160726839939574
503.081;0.6263657799523842
503.413;0.6366456787489515
503.745;0.6468601601500857
504.078;0.6570174756801151
504.41;0.6670950050430468
504.742;0.6771353178005508
505.074;0.6871058441832735
505.406;0.6969356301692342
505.738;0.7066980621176012
506.07;0.716417162027888
506.402;0.7260387005432837
506.734;0.7355314522868879
507.066;0.7449400266042159
507.398;0.7542892301829837
507.73;0.7635163699350436
508.062;0.7725753065765877
508.394;0.7815142781555349
508.726;0.7903815312399957
509.058;0.7990791563156762
509.39;0.8076221033561967
509.722;0.8160331499501949
510.054;0.8243362055731714
510.386;0.8324870370532144
510.718;0.8404570137116231
511.05;0.8482658165857383
511.381;0.8559605066590432
511.713;0.8635060931108336
512.045;0.8708463447346195
512.377;0.8780308417737878
512.709;0.8850757118071412
513.041;0.891948866418499
513.372;0.8986119169107987
513.704;0.9050758280680288
514.036;0.9113794824407339
514.368;0.9174937437916924
514.699;0.9233794847028141
515.031;0.9290844328636214
515.363;0.9346455794723035
515.695;0.939996778408015
516.026;0.9451359931217472
516.358;0.9500438875770415
516.69;0.9547931976529372
517.021;0.9593236284089461
517.353;0.9635971366232416
517.685;0.9676485422382419
518.016;0.9714809110548959
518.348;0.9751173654704771
518.679;0.9784687034995723
519.011;0.9815915144478827
519.343;0.984526124389211
519.674;0.9872129321596901
520.006;0.9895888249302051
520.337;0.9917294133050079
520.669;0.9936790485082054
521.0;0.9953747649061278
521.332;0.9967801873935193
521.663;0.9979354603981957
521.995;0.9988583835690187
522.326;0.9995348961273197
522.658;0.9999070043359249
522.989;1.0
523.32;0.9998629516243845
523.652;0.9994515043721975
523.983;0.998717888907517
524.315;0.9977089051601865
524.646;0.9964626326744073
524.977;0.9949823882603982
525.309;0.9931637694287678
525.64;0.99105719660147
525.971;0.988704457080546
526.303;0.986079760699695
526.634;0.9831307339728776
526.965;0.9798755103680923
527.296;0.9763472994613551
527.628;0.9725102081205577
527.959;0.9683261895233308
528.29;0.9638355287065927
528.621;0.9590513582142534
528.953;0.9539502433676718
529.284;0.9484532041746024
529.615;0.9426141767896641
529.946;0.936503841069439
530.277;0.9300477097309863
530.608;0.9232118003971099
530.939;0.9160429965497037
531.271;0.908570635153272
531.602;0.9007613160613649
531.933;0.892565913449742
532.264;0.8840158389154111
532.595;0.875155946069707
532.926;0.865899629082471
533.257;0.8619887349497996
533.588;0.8580118055439171
533.919;0.854036973825841
534.25;0.8500302226109941
534.581;0.8460108521556046
534.912;0.8419598562653979
535.243;0.8379173271215267
535.574;0.8338911649347557
535.905;0.8298602246882057
536.236;0.8258443138273952
536.567;0.821842787799536
536.898;0.8178436866813902
537.229;0.8138678575670479
537.559;0.8099192582355098
537.89;0.8059890695247212
538.221;0.802056604080778
538.552;0.7981271878408441
538.883;0.7942244238660207
539.214;0.790358713440756
539.544;0.7865135099377879
539.875;0.782700383202346
540.206;0.778978608104612
540.537;0.7753159702599293
540.867;0.7716764671911946
541.198;0.7680447664430545
541.529;0.7644567027354761
541.86;0.7609214684055619
542.19;0.7573829255650207
542.521;0.7538698862994189
542.852;0.7503912006442238
543.182;0.7469503453391794
543.513;0.7435621648519802
543.844;0.7402185377340763
544.174;0.736907760043062
544.505;0.7335398025524658
544.835;0.7302100737933614
545.166;0.7269312547345881
545.497;0.7237204033928456
545.827;0.7205618051410081
546.158;0.7174106245591774
546.488;0.7143327166340383
546.819;0.7113193688666666
547.149;0.7082170852844797
547.48;0.7051632905290073
547.81;0.7021338892642658
548.141;0.6991599962233015
548.471;0.6961943449670893
548.802;0.6932409377935527
549.132;0.6903715932186976
549.462;0.6875606078343404
549.793;0.6848105630563749
550.123;0.6821084068851921
550.454;0.679424421285589
550.784;0.6767589266639839
551.114;0.674115327244927
551.445;0.6715487123737786
551.775;0.6690139960633824
552.105;0.6665080841864565
552.436;0.6639838409343128
552.766;0.6614768198049418
553.096;0.659005640830202
553.426;0.6565413238866125
553.757;0.654068863939242
554.087;0.6517240020595374
554.417;0.6493860162574872
554.747;0.6470714845344456
555.078;0.6447602243430011
555.408;0.6424523449075219
555.738;0.6401953901750007
556.068;0.6379274662200729
556.398;0.63566398956979
556.728;0.6333710659445503
557.058;0.6310902135809149
557.389;0.6288112744292785
557.719;0.6265462233838961
558.049;0.6243031062521939
558.379;0.6220867152886367
558.709;0.6198862308963532
559.039;0.6176684911181141
559.369;0.6154713458659915
559.699;0.6132770190214173
560.029;0.6110893825856566
560.359;0.6089037784353438
560.689;0.6067378168403883
561.019;0.6044905829271124
561.349;0.6022337200652388
561.679;0.5999806149859849
562.009;0.5977725901568272
562.339;0.5956109748092705
562.669;0.5934332901330588
562.999;0.5912083328673852
563.328;0.5890233115286401
563.658;0.586856916587972
563.988;0.5846980223411526
564.318;0.582566637667716
564.648;0.5804651545777405
564.978;0.5783873700952868
565.307;0.5763208834505935
565.637;0.5742682434449137
565.967;0.5722485071322261
566.297;0.5702582030003938
566.626;0.568274148884653
566.956;0.5662439265235255
567.286;0.5642058796750253
567.616;0.5621979430960542
567.945;0.5603009430960919
568.275;0.5584160261972092
568.605;0.5565212728172545
568.934;0.5546360941188466
569.264;0.5527384791383347
569.594;0.5508570203043416
569.923;0.5490179269222225
570.253;0.5471444437585776
570.582;0.5453287378662863
570.912;0.5435175992935779
571.242;0.541702684445219
571.571;0.5399263323314043
571.901;0.538126875853117
572.23;0.5363226791775696
572.56;0.5345050630253086
572.889;0.5326655807506736
573.219;0.5308103768509999
573.548;0.528977262884256
573.878;0.5272032584738287
574.207;0.5254713708838633
574.537;0.5237157057198528
574.866;0.5219616749826429
575.195;0.5202714500340113
575.525;0.5185671528109912
575.854;0.5168702411006534
576.184;0.5152058997818892
576.513;0.5135368680223736
576.842;0.5118924256717435
577.172;0.5102674207656349
577.501;0.5086310140759388
577.83;0.5069970344692789
578.16;0.5053808325952952
578.489;0.5037815836269656
578.818;0.5022106503001186
579.147;0.5006617199656864
579.477;0.4991178645998798
579.806;0.4976281926688177
580.135;0.4961905170694184
580.464;0.49475760842502703
580.793;0.49335065902828257
581.123;0.4919401919708473
581.452;0.49057239022226734
581.781;0.4892228599082404
582.11;0.48786923500982604
582.439;0.4865814605194471
582.768;0.48531432758425025
583.097;0.4840508055659537
583.427;0.4827947073530241
583.756;0.48157646526269454
584.085;0.48041941965981033
584.414;0.4792621036476948
584.743;0.47813803796209275
585.072;0.4770071398130473
585.401;0.4758679816866398
585.73;0.4747516412311187
586.059;0.47367901846758786
586.388;0.4726270634287869
586.717;0.4715858380126195
587.046;0.4705360072885174
587.375;0.4695036793571061
587.703;0.46845650380666176
588.032;0.4674340077947463
588.361;0.4663969974541612
588.69;0.4653594436731834
589.019;0.4643230746451635
589.348;0.4632922813276547
589.677;0.462249994399404
590.006;0.4612099725833996
590.334;0.4601722321245261
590.663;0.4591125704460793
590.992;0.45800904183795293
591.321;0.45690621909018175
591.649;0.45581053330537447
591.978;0.4547149151415483
592.307;0.45358714090644253
592.636;0.45240067913853604
592.964;0.4512142921022269
593.293;0.4500527314601563
593.622;0.4488940035123738
593.95;0.44774665465756674
594.279;0.446549239837857
594.608;0.44539987071265996
594.936;0.44423666681237844
595.265;0.44310885559748475
595.594;0.4420240422987045
595.922;0.44093240234493963
596.251;0.4398386570532698
596.579;0.43875405685578783
596.908;0.4377005471322779
597.236;0.43669113664926773
597.565;0.43567549778050085
597.893;0.43465100013528957
598.222;0.43364285821085435
598.55;0.4326299061600059
598.879;0.4316646535857765
599.207;0.4307684188578673
599.536;0.4299480563247027
599.864;0.42910442754515904
600.193;0.42824636859746756
600.521;0.4273795891397364
600.849;0.42649771870943776
601.178;0.42566274604567983
601.506;0.4248049924814742
601.835;0.4239359517320325
602.163;0.42305121645477733
602.491;0.42209323131838267
602.819;0.42114535769940586
603.148;0.4202188605203898
603.476;0.4192686133817039
603.804;0.41828605017658066
604.133;0.41730440772958044
604.461;0.4163585297172844
604.789;0.4154355668133194
605.117;0.41449169429185223
605.446;0.41356498197397873
605.774;0.41260974971853803
606.102;0.41160538440536637
606.43;0.4105708473519948
606.758;0.40953152175395274
607.086;0.40852531641139866
607.414;0.4075312200115551
607.743;0.40654891389914516
608.071;0.4055792405228649
608.399;0.4046039234654466
608.727;0.40364636207041443
609.055;0.4026798321262188
609.383;0.4017490130625551
609.711;0.4008140013287046
610.039;0.39986815676531207
610.367;0.39903464162624164
610.695;0.3982263974563811
611.023;0.39740388408745636
611.351;0.39655569604971597
611.679;0.3956817243435048
612.007;0.3948193288996156
612.335;0.3939216154872384
612.663;0.3930213918576863
612.991;0.39222986468297305
613.319;0.39143560468927346
613.646;0.39066858478413996
613.974;0.38990130081109453
614.302;0.38914924571692167
614.63;0.3884066155720404
614.958;0.38765985814533066
615.286;0.38691050424257667
615.613;0.3861749246420468
615.941;0.38542751591573904
616.269;0.38469238095213887
616.597;0.3839670072143059
616.924;0.3832538546484487
617.252;0.38244905342529445
617.58;0.38162624254307004
617.908;0.3808280799379243
618.235;0.38008162264343237
618.563;0.37934883645882633
618.891;0.3786452532016727
619.218;0.377962238404988
619.546;0.37730150885553865
619.873;0.37652910876389756
620.201;0.37577579374283937
620.529;0.3750097575790845
620.856;0.3742523028100344
621.184;0.3734730783877358
621.511;0.37268164294267736
621.839;0.37186668583703364
622.166;0.3710845191641419
622.494;0.370294260302353
622.821;0.3695084810307923
623.149;0.368734591705583
623.476;0.3679570642076446
623.804;0.36713377843466993
624.131;0.36633358321730064
624.459;0.36554523284476476
624.786;0.364773556004737
625.114;0.3639910543676322
625.441;0.36320977098120216
625.768;0.36243019307622437
626.096;0.36164695069510533
626.423;0.36086323781416973
626.75;0.36017754134113883
627.078;0.35953235753228463
627.405;0.35888708187967666
627.732;0.3581961736708328
628.06;0.3575172029222154
628.387;0.3568537643986504
628.714;0.35628015516352735
629.041;0.3557056609595081
629.369;0.3551758618586252
629.696;0.354683375234338
630.023;0.35417680653054784
630.35;0.35368645389100556
630.677;0.3532297155781124
631.005;0.35277429971449825
631.332;0.3523287811623495
631.659;0.35187661559985
631.986;0.35141363224604044
632.313;0.3509847523935813
632.64;0.35059785098729096
632.967;0.350240200400957
633.294;0.34990150344131987
633.621;0.3494969603739553
633.949;0.34908975872568093
634.276;0.34871488949443386
634.603;0.3483793509702059
634.93;0.3480619082893179
635.257;0.347740603497933
635.584;0.34740995908984046
635.91;0.3470863469466952
636.237;0.34671969769995264
636.564;0.34636922420016975
636.891;0.34602318152307915
637.218;0.3456499226948524
637.545;0.34532162509563363
637.872;0.34502386394003104
638.199;0.3447612073659282
638.526;0.3445272273554365
638.853;0.34430994023990863
639.179;0.34405574455864046
639.506;0.3437721821357787
639.833;0.3434731383381942
640.16;0.3432044745214738
640.487;0.3429384861019608
640.813;0.3426642800905648
641.14;0.34240717687444533
641.467;0.3421606269284016
641.794;0.3419132055701834
642.12;0.3416891219019193
642.447;0.3414443947004965
642.774;0.3412215536557937
643.1;0.341022517049508
643.427;0.34081850462719654
643.754;0.3406248073896406
644.08;0.3404543635122383
644.407;0.34027298507349674
644.733;0.3400725576525523
645.06;0.33986763720053054
645.387;0.33966344805149845
645.713;0.33944379034541994
646.04;0.33924460522309924
646.366;0.3390535705448638
646.693;0.33887053702389464
647.019;0.33864790351461077
647.346;0.3384050033451611
647.672;0.3381366948119928
647.999;0.3378343865350471
648.325;0.33751566327510935
648.651;0.33720609214540925
648.978;0.33692159804331484
649.304;0.3366007805061169
649.631;0.3362667888659093
649.957;0.3359221649422205
650.283;0.3355666203189908
650.61;0.3352418792922335
650.936;0.3349068519643103
651.262;0.3345669027691293
651.589;0.3342149354274478
651.915;0.33383436771568625
652.241;0.3334247169681892
652.568;0.3330233134415456
652.894;0.3326336164847145
653.22;0.33223562811336116
653.546;0.33181062286556395
653.873;0.33137956869193824
654.199;0.3309755472911679
654.525;0.33060120173518587
654.851;0.33024532705820425
655.177;0.3298806229465062
655.503;0.3295382657092276
655.83;0.32918083061656034
656.156;0.3288650902687015
656.482;0.3285467240311978
656.808;0.32812341730770966
657.134;0.3277178594069536
657.46;0.3273094916298613
657.786;0.32692542208159814
658.112;0.3265699565859678
658.438;0.3262428976247405
658.764;0.32591376937990396
659.09;0.32558114705576274
659.416;0.32525193671473107
659.742;0.3249650488638987
660.068;0.3246842802127836
660.394;0.32443147516089854
660.72;0.32419550872424274
661.046;0.3239287518774118
661.372;0.3236474284912972
661.698;0.32338681954493675
662.024;0.32314180140169596
662.349;0.3228675274823612
662.675;0.3225780173204738
663.001;0.32229029670847653
663.327;0.32201514689575517
663.653;0.3218531170217521
663.978;0.32167260191485647
664.304;0.3214719213896825
664.63;0.32126237959249493
664.956;0.3210201415975049
665.282;0.3207924509955985
665.607;0.320570214281962
665.933;0.3203686687355391
666.259;0.3201962215029698
666.584;0.31996938582295487
666.91;0.31973077145161033
667.236;0.319501312903319
667.561;0.3192930259583766
667.887;0.31913923956125373
668.213;0.3190067863623013
668.538;0.3188438211256897
668.864;0.3187066434580671
669.189;0.3186011146371147
669.515;0.31850508520949145
669.84;0.31839505913162586
670.166;0.31827371919177233
670.491;0.3181689340556496
670.817;0.3180659463292451
671.142;0.31796493720528785
671.468;0.3177956386634518
671.793;0.31763399289184424
672.119;0.3174587947335212
672.444;0.31728009405917235
672.77;0.317082434006243
673.095;0.31687698802926983
673.42;0.31668106257547185
673.746;0.3165163034349712
674.071;0.31635367947155074
674.397;0.3162027183413654
674.722;0.31601979145026804
675.047;0.31582068440800476
675.373;0.31562540915535847
675.698;0.3153943537360923
676.023;0.31513673737530934
676.348;0.3148775147788988
676.674;0.31463217016138323
676.999;0.31439782672568534
677.324;0.31416664188815063
677.649;0.313963125426441
677.974;0.3137680928043769
678.3;0.3136542810102159
678.625;0.31355912808426345
678.95;0.3134363270463595
679.275;0.31331635422808723
679.6;0.31321831118958454
679.925;0.3131259916909447
680.25;0.31302774146521145
680.576;0.31291936274753723
680.901;0.31281235999821844
681.226;0.3126847701869082
681.551;0.312571686644782
681.876;0.3124592605023258
682.201;0.31234792256923016
682.526;0.3122728241892487
682.851;0.31222662491326997
683.176;0.3121942985457272
683.501;0.3121214030417635
683.826;0.31203882136216887
684.151;0.31194976265552293
684.476;0.31184764755735406
684.8;0.31175179479889537
685.125;0.3116746075634046
685.45;0.3115829768116651
685.775;0.31149600966161617
686.1;0.31141181707724513
686.425;0.31134233721103644
686.75;0.31125163231984015
687.074;0.3111962276148907
687.399;0.31111047818731025
687.724;0.3110409210737564
688.049;0.31096712087210243
688.373;0.3109050511483908
688.698;0.31086591666618635
689.023;0.3108864704223574
689.348;0.3108825384050703
689.672;0.3108559680697269
689.997;0.31079703028548306
690.322;0.310751636239761
690.646;0.3107182666956377
690.971;0.3106565975251988
691.296;0.31062491570642
691.62;0.31059978573184793
691.945;0.31056827689809763
692.269;0.3104956284440639
692.594;0.3104437799143205
692.919;0.3104327084383727
693.243;0.3103994911381662
693.568;0.31038638589731865
693.892;0.31035708948840596
694.217;0.3103438821093517
694.541;0.31032559526344905
694.866;0.310293827945658
695.19;0.3102477506643679
695.514;0.31017975124019775
695.839;0.310067967102565
696.163;0.3099602196431431
696.488;0.3098550675341398
696.812;0.3097474595747634
697.136;0.30964248739323397
697.461;0.3095181380671853
697.785;0.30941660506615165
698.11;0.3092810958841326
698.434;0.3091351375691271
698.758;0.3089881664689967
699.082;0.3088155958207308
699.407;0.30864259026947155
699.731;0.3084295249335102
700.055;0.3082148075468895
700.379;0.307976449425917
700.704;0.30772751133771836
701.028;0.3074830641967576
701.352;0.30726792180659146
701.676;0.307057581416389
702.0;0.3068557847714303
702.325;0.306675259111601
702.649;0.3064838382804864
702.973;0.30627813940958437
703.297;0.30603715059272185
703.621;0.30582316296438583
703.945;0.3056285501053061
704.269;0.3054830207861315
704.593;0.30533061115830396
704.917;0.3051940271325413
705.241;0.30505657463497654
705.565;0.30492056237328236
705.889;0.30483777695463465
706.213;0.3047573399177581
706.537;0.3046872582986342
706.861;0.3046148582315013
707.185;0.30455395719233164
707.509;0.30450349686304823
707.833;0.3044615133643179
708.157;0.30440022588756077
708.481;0.3043527996329845
708.805;0.30429116376111215
709.128;0.3041870258899505
709.452;0.30408574817302836
709.776;0.3040087129310828
710.1;0.3039462098084424
710.424;0.3038706328040953
710.748;0.30378587205334695
711.071;0.30369613451008104
711.395;0.30361398457121364
711.719;0.30352513314049245
712.042;0.3034379241138575
712.366;0.303349507342442
712.69;0.30328555590420386
713.014;0.3032165662637551
713.337;0.3031549521850984
713.661;0.30308282138899734
713.985;0.3029991700673535
714.308;0.3029353863608169
714.632;0.3028335434337277
714.955;0.30270853960444566
715.279;0.3025870059525477
715.603;0.3024721570921733
715.926;0.30240195681310494
716.25;0.30232623391807184
716.573;0.3022316563020243
716.897;0.30209517419140236
717.22;0.30195514584822825
717.544;0.30181999178504354
717.867;0.30162712670594327
718.191;0.30144740270028314
718.514;0.3012869085133519
718.837;0.301137383627734
719.161;0.300976263040397
719.484;0.3008084568627819
719.808;0.3006260416985076
720.131;0.3004506671659918
720.454;0.3002520340852807
720.778;0.3000891190899858
721.101;0.2998927020902145
721.424;0.2997091340193716
721.748;0.29965946607162464
722.071;0.2995964702474202
722.394;0.2995212534921078
722.717;0.29942521313067294
723.041;0.29937346775028184
723.364;0.29934778326485323
723.687;0.29938836706081373
724.01;0.29944760211352933
724.334;0.29951712829731747
724.657;0.29962682517653844
724.98;0.2996931033980156
725.303;0.2997658125428758
725.626;0.2998363339250554
725.949;0.2999131775807986
726.272;0.30001164756373006
726.595;0.30009934008100275
726.919;0.300190708317549
727.242;0.3003332262159462
727.565;0.30045057898869904
727.888;0.30059154189309795
728.211;0.30073924375046307
728.534;0.30077633815745924
728.857;0.3008309206982713
729.18;0.30090569899024655
729.503;0.3009927178058197
729.826;0.3010495897194719
730.148;0.301056810558154
730.471;0.30107595076740024
730.794;0.3010786039832913
731.117;0.30107159820668367
731.44;0.3010699127603057
731.763;0.30111506826855716
732.086;0.3011486267071714
732.409;0.3011760278202551
732.731;0.3012164345472298
733.054;0.30122841637746894
733.377;0.30126781096330163
733.7;0.30128019967087005
734.022;0.3012731355801237
734.345;0.30125815349605817
734.668;0.3012237670268172
734.991;0.30120015654739474
735.313;0.3011609737422347
735.636;0.3011124056267511
735.959;0.3010410337463363
736.281;0.3010503459220969
736.604;0.30106731973671635
736.927;0.30112056781699237
737.249;0.30118865837393677
737.572;0.30128210669647804
737.894;0.30136967819428656
738.217;0.3014400723063719
738.54;0.3014639260511738
738.862;0.30146722350283334
739.185;0.301449909789435
739.507;0.3014190058212917
739.83;0.30140284795961714
740.152;0.3014045107489925
740.475;0.3014466880028158
740.797;0.30149997203193674
741.119;0.3015573512315872
741.442;0.30164226257315024
741.764;0.3017426780416582
742.087;0.30183082747335854
742.409;0.3019186532978563
742.731;0.30202330929740984
743.054;0.3020540762460314
743.376;0.3020460960116373
743.698;0.3020646454792929
744.021;0.3020456218815344
744.343;0.30200855606990396
744.665;0.30197329431103076
744.988;0.30195139805210214
745.31;0.30199160041913276
745.632;0.30202493104024003
745.954;0.3020577091269464
746.277;0.3020950291789794
746.599;0.3021292565818491
746.921;0.30215595961040015
747.243;0.30216110713748845
747.565;0.30214065010372837
747.887;0.302117507044659
748.21;0.3020952492413801
748.532;0.3020637557977244
748.854;0.3020012001902466
749.176;0.3019249502121263
749.498;0.30185247475737564
749.82;0.3017737522823072
750.142;0.30171956546115464
750.464;0.30166258261516893
750.786;0.3016257886414444
751.108;0.3015890608785583
751.43;0.3015679201108639
751.752;0.30155448975225596
752.074;0.3015164319378868
752.396;0.30148410197398345
752.718;0.3014818091606947
753.04;0.3014620667188561
753.361;0.30143205007672075
753.683;0.3013726580392557
754.005;0.30131043466465257
754.327;0.30123474818033946
754.649;0.3011845843819086
754.971;0.3011259823575913
755.293;0.3010603953999027
755.614;0.3010630529738795
755.936;0.30108324955696286
756.258;0.3010932270353021
756.58;0.30109159334707064
756.901;0.3011213535388599
757.223;0.30114284501956656
757.545;0.30114971023797543
757.866;0.3011078647348781
758.188;0.30105091298831743
758.51;0.3009646187430821
758.831;0.30088711030469883
759.153;0.3007969955152596
759.475;0.30067188721026655
759.796;0.3005641286223805
760.118;0.30044909680866555
760.439;0.3003412184800326
760.761;0.3002364683110682
761.082;0.3001646417958889
761.404;0.30009571544953717
761.726;0.300013978786178
762.047;0.299955982518148
762.368;0.2999020535733223
762.69;0.2998531635132405
763.011;0.2997956435100566
763.333;0.2997263119527185
763.654;0.29968958785537425
763.976;0.29964870631224705
764.297;0.29963073546934804
764.618;0.29967932268152075
764.94;0.29975900195326555
765.261;0.29985964384038255
765.583;0.29995442278474244
765.904;0.30005606018730097
766.225;0.30018611811631385
766.546;0.3003111952102535
766.868;0.30043961308456435
767.189;0.3005845515814677
767.51;0.30074730187469734
767.831;0.30092884024473665
768.153;0.30102205103604385
768.474;0.30113034028766617
768.795;0.3011937778072886
769.116;0.3012351380936634
769.437;0.3012635716603227
769.759;0.30131044309950467
770.08;0.3013588750593167
770.401;0.3013439760582011
770.722;0.30129886586471405
771.043;0.301217494980031
771.364;0.3011255988121638
771.685;0.30101625547903843
772.006;0.300898470288885
772.327;0.3007698098817463
772.648;0.30065280538947164
772.969;0.30052879305591373
773.29;0.30040405407616194
773.611;0.3003060898328453
773.932;0.30020215306103804
774.253;0.3000733103311746
774.574;0.29995205032001954
774.895;0.29989309032566547
775.216;0.299828525309292
775.537;0.299766294842065
775.858;0.29968585174616896
776.178;0.29960327232447587
776.499;0.2994980600234562
776.82;0.2994066014717378
777.141;0.2992474664644855
777.462;0.2991202498742467
777.782;0.2989968411708173
778.103;0.2988834047406117
778.424;0.298763554868464
778.745;0.2986189377324869
779.065;0.29850582898891165
779.386;0.2983794578861912
779.707;0.29823981808763084
780.027;0.2980946082539752
780.348;0.2979173829383139
780.669;0.2977196389881267
780.989;0.29753023111735144
781.31;0.2973765076236592
781.631;0.29724788366781807
781.951;0.29711236489554627
782.272;0.2970122207312902
782.592;0.29693216448829235
782.913;0.2968575092004729
783.233;0.296791070097751
783.554;0.29673343283795484
783.874;0.2967207817438953
784.195;0.2967106979893842
784.515;0.29671328122147983
784.836;0.2967186578221433
785.156;0.29671721357384073
785.477;0.2967620021575508
785.797;0.2967861800525223
786.117;0.29683850558108793
786.438;0.29692412486484926
786.758;0.2970170154708083
787.079;0.2971365327217915
787.399;0.2972754945511617
787.719;0.29741922333462134
788.039;0.2975055052624153
788.36;0.2975500465041692
788.68;0.2975902305942984
789.0;0.2976062101289865
789.321;0.2976423132327565
789.641;0.29768187841178845
789.961;0.29773219773993953
790.281;0.29780399605086333
790.601;0.29790287080745537
790.922;0.29801137322718146
791.242;0.2981281078090341
791.562;0.2981377187029419
791.882;0.2981357925215993
792.202;0.29810184444996657
792.522;0.2980763146387393
792.842;0.2980412130933385
793.162;0.29798566543306976
793.482;0.2979271522679451
793.802;0.2978570563526751
794.122;0.29777502667027944
794.442;0.2977107608051657
794.762;0.2976445865066131
795.082;0.2975881334840177
795.402;0.2975434107354943
795.722;0.2975125800876649
796.042;0.2974621289915449
796.362;0.2974103332452217
796.682;0.2973542766339421
797.002;0.29727314390147985
797.322;0.2971806497070903
797.642;0.297070104764322
797.962;0.29696247946440163
798.281;0.2969611579490406
798.601;0.29699379621218946
798.921;0.29702406341416965
799.241;0.2970302509684014
799.561;0.2970456413935674
799.88;0.2970574499123515
800.2;0.29709602478444647
800.52;0.2971367412108949
800.839;0.2971583822623375
801.159;0.29715299234537695
801.479;0.2971269163285884
801.799;0.29711477990511315
802.118;0.29710676949605785
802.438;0.29709500703260366
802.757;0.2971056577912812
803.077;0.2971468219686818
803.397;0.29722241882061007
803.716;0.2972826778418103
804.036;0.2973600763023996
804.355;0.29742144305287976
804.675;0.2974703614958723
804.994;0.2974917170552504
805.314;0.2975069955170123
805.633;0.2975314292146716
805.953;0.297559088147603
806.272;0.297579139548192
806.592;0.29759656323716693
806.911;0.2975887771928156
807.231;0.297582905538829
807.55;0.29762866155833984
807.869;0.2976438535840037
808.189;0.2977053815565679
808.508;0.2977805305874752
808.827;0.297845497567898
809.147;0.2979135660104587
809.466;0.2979588327842811
809.785;0.29797182770703384
810.105;0.2979630848283435
810.424;0.29793344958574236
810.743;0.2979071713579441
811.062;0.29787493311786684
811.382;0.29785462542211544
811.701;0.29785275527531097
812.02;0.2978260392063336
812.339;0.2978040971360795
812.658;0.29779466002018967
812.977;0.29781149608745633
813.296;0.297859316864732
813.616;0.29789153016272707
813.935;0.2979244623265646
814.254;0.2979550375854647
814.573;0.298020574199806
814.892;0.2980643316862649
815.211;0.298106696695302
815.53;0.2981421205685231
815.849;0.2981786680641101
816.168;0.2982379863199247
816.487;0.2982991476093536
816.806;0.29835723571657596
817.125;0.2984435178699697
817.444;0.29850498807598763
817.763;0.29858580966135984
818.082;0.29865261667148246
818.4;0.29876134941312327
818.719;0.2988901359189596
819.038;0.29902082676648495
819.357;0.2991501310976005
819.676;0.2992506730554086
819.995;0.299318191525881
820.313;0.2994156164168169
820.632;0.29949966858559635
820.951;0.2995695430996897
821.27;0.2996122027282822
821.588;0.29964542028050706
821.907;0.2997272876885251
822.226;0.29981332910974146
822.545;0.2999085957170418
822.863;0.29997742520369663
823.182;0.30003183158074276
823.501;0.30012451154708014
823.819;0.3002222839255043
824.138;0.3003366723618843
824.456;0.3004583309063012
824.775;0.300568417326647
825.093;0.30063992941986056
825.412;0.3006768409209046
825.731;0.30072328711975904
826.049;0.30074644394496325
826.368;0.3007443630302792
826.686;0.3007495346709505
827.005;0.30074702195003217
827.323;0.30075013537904755
827.641;0.3007607044181003
827.96;0.30078005904531063
828.278;0.3007910774611127
828.597;0.3007448739499846
828.915;0.3006986042667907
829.233;0.300613311058592
829.552;0.3005238692613298
829.87;0.3004193728336094
830.188;0.3002548682058021
830.507;0.3000896017482913
830.825;0.2999167306136003
831.143;0.2997331204692914
831.462;0.2995558704192825
831.78;0.2993348513506972
832.098;0.2991947042515036
832.416;0.2990237352350327
832.735;0.29887573877138446
833.053;0.2987375813158968
833.371;0.2986018777902353
833.689;0.29845411227709046
834.007;0.298285904983311
834.325;0.29808443120866407
834.643;0.2979115327141184
834.961;0.29777062010330274
835.28;0.2976185666248408
835.598;0.2974812651841786
835.916;0.2973505124671751
836.234;0.29721561603479224
836.552;0.2971176701750007
836.87;0.29700639781718563
837.188;0.29690327793993904
837.506;0.2968098967361161
837.824;0.29671755927588306
838.142;0.2966334498138041
838.46;0.29656821567178276
838.777;0.29646014522652425
839.095;0.29636438641289037
839.413;0.29623818130786783
839.731;0.2961206176909263
840.049;0.29601736269284784
840.367;0.29593741221254594
840.685;0.29588323069514955
841.002;0.29590993644509256
841.32;0.2959165307924257
841.638;0.29590992212623385
841.956;0.2959137932245602
842.273;0.2959102791961828
842.591;0.29591732650614083
842.909;0.2959349057850847
843.227;0.2959629100855859
843.544;0.29601927546679163
843.862;0.2960635454781633
844.18;0.2961123060069865
844.497;0.29617675466553756
844.815;0.2962406010517421
845.132;0.29633739136786447
845.45;0.296398212046268
845.768;0.2964716190440742
846.085;0.296543071624067
846.403;0.2966215076893705
846.72;0.29669065711708437
847.038;0.2967390271197377
847.355;0.29678330287922355
847.673;0.29678684354177864
847.99;0.29677871742807044
848.308;0.29677185284021435
848.625;0.2967623667301752
848.943;0.2967445195938901
849.26;0.2967410425884447
849.577;0.29673976037466526
849.895;0.29670244613466984
850.212;0.29663739541274226
850.529;0.2965880528365163
850.847;0.2965277048815883
851.164;0.2964384814007496
851.481;0.29633071748135914
851.799;0.29622257291611365
852.116;0.2961687659065834
852.433;0.2961102327087601
852.75;0.29608816937209165
853.068;0.2960515030238087
853.385;0.29598272443889423
853.702;0.2958975895116159
854.019;0.29580716686003544
854.336;0.29567369390718967
854.653;0.29554423589860573
854.971;0.2953829968261786
855.288;0.29529142912497564
855.605;0.2952095487586369
855.922;0.2951093737447883
856.239;0.29499437180350907
856.556;0.29488106463727554
856.873;0.29480568774087157
857.19;0.29473521679453446
857.507;0.2946453940636366
857.824;0.2945775601322405
858.141;0.2945275894805551
858.458;0.2944336290812916
858.775;0.29434411330041027
859.092;0.29425866995475114
859.409;0.29416757262931964
859.726;0.2940792423803841
860.043;0.29401256621026683
860.359;0.2939565649320177
860.676;0.29391382921411
860.993;0.2938927429849675
861.31;0.2938673733673516
861.627;0.2938644606479427
861.944;0.29380223455660365
862.26;0.29371822738671094
862.577;0.2936583690623731
862.894;0.29360703875047617
863.211;0.2934951894196131
863.527;0.2933749847275938
863.844;0.2932393492791823
864.161;0.29311145596182087
864.477;0.2930191416704823
864.794;0.29294089148894437
865.111;0.2929061896301154
865.427;0.2928175636469916
865.744;0.29270667685781426
866.06;0.2925925543072928
866.377;0.2924847767843944
866.693;0.29239647361849286
867.01;0.2923164646382383
867.327;0.2922551612939901
867.643;0.2921942695759181
867.96;0.2921688648070717
868.276;0.29216450171252195
868.593;0.2921509717327863
868.909;0.2921255027972185
869.225;0.2920944989289088
869.542;0.29206577346285095
869.858;0.2921154479070693
870.175;0.2921878219262936
870.491;0.29225270290721544
870.807;0.2923209055874352
871.124;0.2923471531574739
871.44;0.29237811459807916
871.756;0.2923862263600485
872.073;0.29241201286106405
872.389;0.29245994537139236
872.705;0.29248480158326684
873.021;0.2924810991131509
873.338;0.292467072075951
873.654;0.2924751552396407
873.97;0.2924795333464158
874.286;0.2924935898641494
874.602;0.29251390338533745
874.918;0.2925263928961055
875.235;0.29254734449898173
875.551;0.29263368305737064
875.867;0.2927195670849893
876.183;0.29282694326935477
876.499;0.2929320612015598
876.815;0.293038787503154
877.131;0.2931892672465288
877.447;0.29334781598678206
877.763;0.2934939547794819
878.079;0.29363006196236524
878.395;0.29375252003137126
878.711;0.29387760356381487
879.027;0.2939995952026754
879.343;0.2941378614481515
879.659;0.2943040490635111
879.975;0.29447415946340605
880.291;0.29461582439536615
880.607;0.29474098914444324
880.922;0.2948623509755509
881.238;0.294980119984552
881.554;0.2950742849049297
881.87;0.2951645999331992
882.186;0.2952113372962089
882.501;0.2952578810317822
882.817;0.29528530398230185
883.133;0.2953046115538067
883.449;0.2953128927212643
883.764;0.29528554269998003
884.08;0.2952605199287831
884.396;0.2952266249264827
884.711;0.295184056172121
885.027;0.2951524450410846
885.343;0.29511646011270376
885.658;0.29508093936116014
885.974;0.2950554757801257
886.29;0.2950139005634194
886.605;0.29497759915498645
886.921;0.2949334795803234
887.236;0.29488791661141933
887.552;0.2948335435995873
887.867;0.294753001222041
888.183;0.2946955562197041
888.498;0.2946245834495704
888.814;0.2945889627980188
889.129;0.2945397762908694
889.445;0.29449747294287865
889.76;0.2944968312766134
890.075;0.2944660795487122
890.391;0.294414340041336
890.706;0.2943667066146701
891.021;0.29433407481083634
891.337;0.2943061678347899
891.652;0.294287330759839
891.967;0.2942705606039728
892.283;0.29425779485318243
892.598;0.2942578671094506
892.913;0.29428724280263485
893.229;0.29433081461363253
893.544;0.294417479202889
893.859;0.2945081007972556
894.174;0.29461325505288055
894.489;0.29472426560540443
894.804;0.29481613091439796
895.12;0.29494651023433527
895.435;0.2950525348737567
895.75;0.29515910319966543
896.065;0.29525959777990307
896.38;0.29532560433604765
896.695;0.29538876081564347
897.01;0.2954655584980356
897.325;0.2955678210990665
897.64;0.2957172193043431
897.955;0.2958466956183691
898.27;0.29598689050458377
898.585;0.29615658576623305
898.9;0.2963083243489435
899.215;0.29645415134436137
899.53;0.29658140843836855
899.845;0.2966801520244429
900.16;0.29677622612953103
900.475;0.29685207338932096
900.79;0.29691808516683094
901.104;0.29698331921996785
901.419;0.2970587471687659
901.734;0.29711451391595733
902.049;0.2971508653110595
902.364;0.29720731206538104
902.678;0.2972916374521168
902.993;0.29736421955656905
903.308;0.2974450782885069
903.623;0.2975472983513138
903.937;0.2976260803299101
904.252;0.2976768021391984
904.567;0.29776560315377953
904.881;0.297840959904875
905.196;0.29788592402338204
905.511;0.29790618696776705
905.825;0.29793579792243746
906.14;0.2979770325728775
906.454;0.2980319905134076
906.769;0.29799281651542553
907.084;0.2979619605413409
907.398;0.29792761232221154
907.713;0.2978887501535047
908.027;0.29784919078597166
908.342;0.2977777029508812
908.656;0.2977219182908148
908.97;0.2976460131552576
909.285;0.29757160211770345
909.599;0.29749126196421743
909.914;0.29740863395380246
910.228;0.29734290703295807
910.542;0.29727620759254947
910.857;0.2972009896586176
911.171;0.29713494822619463
911.485;0.29705010932798115
911.8;0.2969801665774
912.114;0.29696469344379534
912.428;0.29692833756171605
912.743;0.2968900954723043
913.057;0.29684771147399286
913.371;0.2968943071489022
913.685;0.29695675145872114
913.999;0.2970128808049322
914.314;0.29707815720059577
914.628;0.29713397284164866
914.942;0.2972058448113496
915.256;0.2972715974825022
915.57;0.2973277856178093
915.884;0.2973345882321303
916.198;0.2973819943461181
916.512;0.2974524485020055
916.827;0.2974983382599855
917.141;0.2975380681221082
917.455;0.29758983102157177
917.769;0.2976210628478733
918.083;0.2976902662493152
918.397;0.29774414298720164
918.711;0.29779103358097764
919.024;0.29782172036510085
919.338;0.29785410393002676
919.652;0.29786485921059985
919.966;0.29787296294194104
920.28;0.29785213449377934
920.594;0.2978453802152115
920.908;0.2978497382977457
921.222;0.2978780476953771
921.535;0.29795217298932347
921.849;0.2980259513818919
922.163;0.29811092763204006
922.477;0.29820632552896204
922.79;0.29827920028142385
923.104;0.29833211188068937
923.418;0.2983694216260418
923.732;0.2984007329077314
924.045;0.29839798066575557
924.359;0.2983887145907486
924.673;0.2983658335237666
924.986;0.2983300768735958
925.3;0.29828079958737175
925.614;0.29823332134059133
925.927;0.29819105491271086
926.241;0.2982289265605695
926.554;0.2982631640443929
926.868;0.29832965618524576
927.181;0.29841196365160816
927.495;0.29847364752593347
927.808;0.2985191524415865
928.122;0.2985225155582665
928.435;0.29856616333621355
928.749;0.2986377772483344
929.062;0.298727860916682
929.376;0.29883012160321637
929.689;0.298943513978685
930.002;0.2990729774219755
930.316;0.29918671740996006
930.629;0.29932212450844614
930.942;0.2994600772735091
931.256;0.2995923495106547
931.569;0.29973849094599914
931.882;0.29990550255826737
932.195;0.30009041176128903
932.509;0.30023934659133406
932.822;0.3003359435520262
933.135;0.30040847153792505
933.448;0.30049237284302854
933.762;0.3005701277385478
934.075;0.300661830468309
934.388;0.3007677967392355
934.701;0.3008836196703408
935.014;0.30098264434173894
935.327;0.30105977071645884
935.64;0.301157260931766
935.953;0.3012763655156828
936.266;0.3013829455108682
936.58;0.3014597246396331
936.893;0.30155006405944723
937.206;0.3016432745749784
937.519;0.3017260829723033
937.832;0.3018117850356805
938.144;0.3019014729733449
938.457;0.3019612165476329
938.77;0.3020265446485115
939.083;0.30212694460522355
939.396;0.30219592012292307
939.709;0.30225932349321144
940.022;0.3022959264020336
940.335;0.3023292751258852
940.648;0.30234168926446214
940.96;0.3023538716655016
941.273;0.30238633156986067
941.586;0.30240976977970013
941.899;0.30242814305289534
942.211;0.30242685831953486
942.524;0.3023892792852216
942.837;0.30232686754981253
943.15;0.3022903448339973
943.462;0.3022701298706203
943.775;0.30226672789316916
944.088;0.3022734158087563
944.4;0.3022904699979522
944.713;0.30231204344583557
945.025;0.3023314994858604
945.338;0.3023410964986475
945.651;0.30234867896388046
945.963;0.3023869488422056
946.276;0.302438495994844
946.588;0.3024951439713932
946.901;0.3025262975417378
947.213;0.30259921446031945
947.526;0.3026736587737915
947.838;0.3027087450683477
948.151;0.30272240049826743
948.463;0.30274140200432237
948.775;0.3027480478013364
949.088;0.3027376257199291
949.4;0.30275999516246643
949.713;0.3027845282124469
950.025;0.30279726512716215
950.337;0.30279124748286684
950.65;0.30278101560054793
950.962;0.30277438863607326
951.274;0.302753997360906
951.586;0.3027458832951042
951.899;0.30273782404752597
952.211;0.30271520785760087
952.523;0.30268662215653064
952.835;0.30268433312158416
953.147;0.30269956328604825
953.46;0.30275742682672374
953.772;0.30280343482341404
954.084;0.30284771710651814
954.396;0.302891441720871
954.708;0.30294162782824285
955.02;0.3030021808651492
955.332;0.3030609271596458
955.644;0.30313089943906735
955.956;0.3031780577321818
956.268;0.3032054945998387
956.58;0.3032251874198898
956.892;0.30323354244511613
957.204;0.30322415184462576
957.516;0.3032106189657611
957.828;0.30319880973755003
958.14;0.3031726005138879
958.452;0.30314379745369024
958.764;0.303121833426611
959.076;0.3031060234644095
959.388;0.3030727761969279
959.699;0.3030252798157268
960.011;0.30295690021555943
960.323;0.30286793694905917
960.635;0.30276419680952193
960.947;0.3026603235839251
961.258;0.3025339898805488
961.57;0.3024008695505234
961.882;0.30226216914065573
962.194;0.30215028560008295
962.505;0.3020677621270847
962.817;0.3019843700544063
963.129;0.301930652388909
963.44;0.3018930336035563
963.752;0.30188662406149913
964.063;0.3018663045959296
964.375;0.3018555862296381
964.687;0.30187468628330444
964.998;0.30189360795410664
965.31;0.3019178487986932
965.621;0.3019503203751804
965.933;0.3019765355865262
966.244;0.3019719780058535
966.556;0.30195287082978806
966.867;0.3019243096974924
967.179;0.3018920680258042
967.49;0.3018876009352526
967.801;0.3018995141792953
968.113;0.30191180071279905
968.424;0.3019205180007676
968.736;0.30189821573083087
969.047;0.3018459413494032
969.358;0.30187439579560094
969.67;0.301880221181455
969.981;0.30188148008427046
970.292;0.30186860919649017
970.603;0.3018593586013807
970.915;0.3018645084826355
971.226;0.30185804051170756
971.537;0.3018581308745843
971.848;0.30185492664254715
972.16;0.3018534587765572
972.471;0.30188188228507024
972.782;0.3019189435655979
973.093;0.30194600754595846
973.404;0.301972997814579
973.715;0.3019808619890047
974.026;0.30199825093255683
974.337;0.3020361183189116
974.648;0.3020473217580822
974.959;0.3020768345231493
975.27;0.3021149294162012
975.581;0.3021826740752159
975.892;0.3021911787794802
976.203;0.302195501911391
976.514;0.30220103140815846
976.825;0.3021990572936075
977.136;0.30220868571190984
977.447;0.3021967133868405
977.758;0.3021702619982407
978.069;0.30212972029601937
978.38;0.30209728028564775
978.691;0.3020277022259713
979.001;0.3019331063045767
979.312;0.30184141821614074
979.623;0.3017617498068409
979.934;0.3016791557065392
980.244;0.301621869511523
980.555;0.3015271810637144
980.866;0.30142747359942773
981.177;0.3013461436226735
981.487;0.3012820976635103
981.798;0.30122199349621226
982.109;0.3011947471023108
982.419;0.30114175181326863
982.73;0.30110195733224193
983.04;0.30106011290500595
983.351;0.301025942546553
983.662;0.30098016578016495
983.972;0.30091827046071606
984.283;0.3008667111654899
984.593;0.3008239228146571
984.904;0.3007818506558525
985.214;0.3007478690017684
985.525;0.30072439677832846
985.835;0.30071784515984856
986.146;0.30063720175869646
986.456;0.30061014519583373
986.766;0.3005911916241272
987.077;0.3005908558861208
987.387;0.30059100926681187
987.698;0.300595006332441
988.008;0.30059986798893024
988.318;0.3005956875465725
988.628;0.3005756421088645
988.939;0.30056487265099524
989.249;0.3005340693724918
989.559;0.30047876928196454
989.87;0.3004291759988825
990.18;0.3003878361742012
990.49;0.3003645907930748
990.8;0.3003520432680813
991.11;0.3003085285639983
991.42;0.30026588728335823
991.731;0.30022973060115127
992.041;0.30017940564253204
992.351;0.3001013798677964
992.661;0.3001226879477635
992.971;0.30010701888064084
993.281;0.30007999885111786
993.591;0.3000506571942144
993.901;0.30003026282675477
994.211;0.30001956287613973
994.521;0.29998045402650214
994.831;0.2999913436855996
995.141;0.29995863151244745
995.451;0.29993399939447446
995.761;0.29991937428957277
996.071;0.2998956483013848
996.381;0.2998625113839594
996.691;0.29981409175505164
997.0;0.2997699379348205
997.31;0.2997145130049912
997.62;0.2996695515404371
997.93;0.29959357650917695
998.24;0.29950163485064535
998.549;0.2994324173466006
998.859;0.2994010111557271
999.169;0.2993667920958792
999.479;0.2993228551340336
999.788;0.29926890431572395
1000.098;0.2992167940904172
1000.408;0.2991343882502845
1000.717;0.29904744917750026
1001.027;0.2989627394299838
1001.337;0.2988066926089593
1001.646;0.29868803476421596
1001.956;0.29857706371606674
1002.265;0.2984669659004138
1002.575;0.29837339871703533
1002.884;0.2982938312227538
1003.194;0.2982026865947297
1003.503;0.2980926209725137
1003.813;0.297974072910975
1004.122;0.2978684384368641
1004.432;0.2977858863583641
1004.741;0.29770739900287085
1005.051;0.29764233461892864
1005.36;0.29755933981634797
1005.67;0.2974488356990232
1005.979;0.2973543761987173
1006.288;0.29724879729739634
1006.598;0.2971275044676055
1006.907;0.29701085061295307
1007.216;0.29691121891228356
1007.525;0.2968127874637607
1007.835;0.29673647506584655
1008.144;0.29663416293808936
1008.453;0.2965242350560987
1008.762;0.29639698825391525
1009.072;0.29629587358468945
1009.381;0.2961651545488415
1009.69;0.29605399116603726
1009.999;0.2959480334805215
1010.308;0.29585324526470125
1010.617;0.29573936075740187
1010.926;0.29558590842424526
1011.236;0.29545029498163006
1011.545;0.2952644369431575
1011.854;0.2950713389653855
1012.163;0.2949038568497843
1012.472;0.29472318720857055
1012.781;0.29457825815478234
1013.09;0.29444459706346865
1013.399;0.29434099316452794
1013.708;0.29422407197294737
1014.017;0.2941015097443302
1014.325;0.29399412216237736
1014.634;0.29389594944360964
1014.943;0.2938038524467784
1015.252;0.29373594299874667
1015.561;0.2936277308040305
1015.87;0.29352738640110243
1016.179;0.2933869021963007
1016.487;0.2932762675774977
1016.796;0.29316300662912637
1017.105;0.2930821413001122
1017.414;0.29303210174723954
1017.722;0.2929677336970061
1018.031;0.29294557181313857
1018.34;0.2929282137092642
1018.649;0.2928968071435626
1018.957;0.2928637028324135
1019.266;0.2928127307873937
1019.574;0.2927609465791117
1019.883;0.29268514993264766
1020.192;0.2926062740703941
1020.5;0.2925436750211202
1020.809;0.29249093559038974
1021.117;0.29244220140970567
1021.426;0.2923738327478166
1021.734;0.2923052687986739
1022.043;0.29224391191099097
1022.351;0.2921812048518583
1022.66;0.29217990411454414
1022.968;0.2921514964432399
1023.277;0.2921452609690724
1023.585;0.29213658979411683
1023.893;0.29214450196722613
1024.202;0.29213902997345625
1024.51;0.292103106394932
1024.819;0.2920947796688638
1025.127;0.2920704614363515
1025.435;0.292036963753786
1025.743;0.2920235653922205
1026.052;0.2920278687462703
1026.36;0.29204042761740856
1026.668;0.292044870833028
1026.976;0.2920364431248508
1027.285;0.29201176427468406
1027.593;0.29196761212561073
1027.901;0.2919422490759602
1028.209;0.29192235115764903
1028.517;0.29191731254057135
1028.825;0.29193825358037717
1029.134;0.29193672489127986
1029.442;0.2919343515500045
1029.75;0.29191049578908823
1030.058;0.2919095870856502
1030.366;0.2919001485964889
1030.674;0.291929262125551
1030.982;0.2919784323941821
1031.29;0.2920092294510709
1031.598;0.29206298112595525
1031.906;0.29213509953828437
1032.214;0.29219338402997114
1032.522;0.2922472235934168
1032.829;0.29231586574815094
1033.137;0.29241603226243246
1033.445;0.292525773372353
1033.753;0.2926253004248958
1034.061;0.29273958187063986
1034.369;0.29286038214030213
1034.676;0.29297798907477296
1034.984;0.29310641728120007
1035.292;0.2932205672950952
1035.6;0.2933464492469346
1035.907;0.2934870396093746
1036.215;0.2936306493763707
1036.523;0.2937543084868064
1036.831;0.29387402889111175
1037.138;0.2939891214162749
1037.446;0.2940849039368291
1037.753;0.294176781789878
1038.061;0.2942439006379869
1038.369;0.29428908345237
1038.676;0.2943250873476936
1038.984;0.29434909532531617
1039.291;0.29437446827219677
1039.599;0.2943791149806156
1039.906;0.294394449083272
1040.214;0.2944340677452362
1040.521;0.2944961076426966
1040.829;0.2945340339110546
1041.136;0.29458060134141584
1041.444;0.29461584144873065
1041.751;0.29466681071378864
1042.058;0.29469251434003213
1042.366;0.2946944297754679
1042.673;0.29471507553114556
1042.98;0.29473932742760245
1043.288;0.2947759999501437
1043.595;0.29479153105673067
1043.902;0.29480421353980185
1044.21;0.29483653595494014
1044.517;0.29487488587045546
1044.824;0.294948151229545
1045.131;0.2950253861543981
1045.439;0.2951057242238869
1045.746;0.29517680256393336
1046.053;0.2952248899628179
1046.36;0.2952484543607141
1046.667;0.29523921293101235
1046.974;0.2952082934425204
1047.281;0.2951895662765306
1047.588;0.2951534281618888
1047.896;0.2951950667598976
1048.203;0.2951925984848259
1048.51;0.2952040124528454
1048.817;0.2952521027899796
1049.124;0.29528307481788724
1049.431;0.29527716109848023
1049.738;0.2952464876742091
1050.044;0.29524215440635454
1050.351;0.2952352396698035
1050.658;0.29520576069723475
1050.965;0.2952012227623952
1051.272;0.2951892889899483
1051.579;0.2951772689332283
1051.886;0.29515744141107747
1052.193;0.2951425286328985
1052.499;0.2951327997178029
1052.806;0.29517814621081523
1053.113;0.2952399528056963
1053.42;0.2953076025304075
1053.726;0.29538435197733426
1054.033;0.29545855100585966
1054.34;0.295459050715566
1054.647;0.2954908523805112
1054.953;0.29554036137193135
1055.26;0.2955601820424538
1055.566;0.29556619146175367
1055.873;0.2955875927665066
1056.18;0.29562168094060876
1056.486;0.2956083483988033
1056.793;0.29561569248732394
1057.099;0.2956284230743398
1057.406;0.29560424752624925
1057.712;0.295594450672457
1058.019;0.2955831638579939
1058.325;0.2955538246994797
1058.632;0.2955165728635033
1058.938;0.2954808533131431
1059.245;0.2954156009205753
1059.551;0.2953661730530718
1059.857;0.29531792333577916
1060.164;0.29525405763536244
1060.47;0.29516279075752716
1060.777;0.2950601152682013
1061.083;0.294960574592733
1061.389;0.2948563948531474
1061.695;0.29473550055747355
1062.002;0.29463906969049053
1062.308;0.2945502168453501
1062.614;0.2944563021504727
1062.92;0.2943884639652071
1063.227;0.2943194992332951
1063.533;0.29426327657319207
1063.839;0.29421575463209004
1064.145;0.2941393588483036
1064.451;0.2940594545744919
1064.757;0.29401323636964577
1065.063;0.29398175875575455
1065.37;0.293939135320328
1065.676;0.2938783157007751
1065.982;0.29378024985803775
1066.288;0.2936922664753509
1066.594;0.29361438926948646
1066.9;0.2938724905406161
1067.206;0.29423561729124886
1067.512;0.2936714096736419
1067.818;0.29329083058725824
1068.123;0.2939041354960808
1068.429;0.2941342157175344
1068.735;0.29349410558724875
1069.041;0.29278798855361227
1069.347;0.29333227674734663
1069.653;0.29396390636459
1069.959;0.2939604382170616
1070.264;0.2939536491222479
1070.57;0.2939470337495523
1070.876;0.29394056504551536
1071.182;0.2939342159566778
1071.487;0.2939279594295803
1071.793;0.29392176841076345
1072.099;0.293915615846768
1072.405;0.2939094746841345
1072.71;0.2939033178694037
1073.016;0.29389711834911625
1073.321;0.2938908490698128
1073.627;0.293884482978034
1073.933;0.2938779930203205
1074.238;0.293871352143213
1074.544;0.29386453329325213
1074.849;0.2938575094169786
1075.155;0.293850253460933
1075.46;0.29384273837165603
1075.766;0.29383493709568836
1076.071;0.2938268225795706
1076.377;0.2938183677698435
1076.682;0.2938095456130476
1076.988;0.2938003290557237
1077.293;0.29379069104441236
1077.598;0.2937806045256543
1077.904;0.29377004244599014
1078.209;0.2937589777519605
1078.514;0.2937473833901062
1078.82;0.29373523230696774
1079.125;0.29372249744908585
1079.43;0.29370915176300116
1079.736;0.2936951681952544
1080.041;0.29368051969238607
1080.346;0.29366517920093704
1080.651;0.2936491196674479
1080.956;0.2936323140384592
1081.262;0.29361473526051174
1081.567;0.2935963562801461
1081.872;0.293577150043903
1082.177;0.29355708949832304
1082.482;0.29353614758994695
1082.787;0.2935142972653153
1083.092;0.2934915114709688
1083.397;0.29346776315344814
1083.702;0.293443025259294
1084.007;0.2934172707350469
1084.312;0.2933904725272477
1084.617;0.29336260358243693
1084.922;0.29333363684715524
1085.227;0.2933035452679434
1085.532;0.29327230179134195
1085.837;0.2932398793638916
1086.142;0.29320625093213304
1086.447;0.2931713894426069
1086.752;0.29313526784185384
1087.057;0.29309785907641456
1087.361;0.29305913609282963
1087.666;0.2930190718376398
1087.971;0.29297763925738574
1088.276;0.29293481129860804
1088.581;0.29289056090784743
1088.885;0.2928448610316445
1089.19;0.29279768461653993
1089.495;0.29274900460907444
1089.799;0.2926987939557886
1090.104;0.29264702560322314
1090.409;0.29259367249791873
1090.713;0.292538707586416
1091.018;0.2924821038152556
1091.323;0.29242383413097817
1091.627;0.29236387148012444
1091.932;0.29230218880923503
1092.236;0.29223875906485064
1092.541;0.2921735551935119
1092.845;0.2921065501417594
1093.15;0.29203771685613394
1093.454;0.2919670282831761
1093.759;0.29189445736942654
1094.063;0.29181997706142593
1094.368;0.29174356030571497
1094.672;0.29166518004883424
1094.976;0.29158480923732444
1095.281;0.2915024208177263
1095.585;0.2914179877365804
1095.889;0.29133148294042743
1096.194;0.29124287937580806
1096.498;0.29115214998926287
1096.802;0.29105926772733265
1097.107;0.29096420553655794
1097.411;0.2908669363634795
1097.715;0.29076743315463793
1098.019;0.2906656688565739
1098.323;0.2905616164158281
1098.628;0.2904552487789412
1098.932;0.29034653889245376
1099.236;0.2902354597029066
1099.54;0.2901219841568402
1099.844;0.2900060852007954
1100.148;0.28988773578131277
